1B69	633.89	-3545.83	47.00	16.00	5979.80	5236.60	743.20	11216.40	6.82	1B69	-173.270	1B69	-0.16	-0.39	-4.39	-1.65	266	94.9595
1BDH	327.10	-907.35	10.00	8.00	16947.70	4009.10	12938.60	20956.80	6.05	1BDH	-117.521	1BDH	0.15	0.31	-2.64	-0.72	17	5.61575
1BDI	288.99	-901.98	9.50	12.00	17244.80	4041.50	13203.30	21286.30	8.60	1BDI	-116.378	1BDI	0.14	0.43	-2.67	-0.70	20	6.48428
1BDV	208.01	-803.09	2.50	7.00	4268.00	8411.20	-4143.20	12679.20	7.77	1BDV	-67.019	1BDV	-10.18	-9.65	-17.30	-12.37	10	3.32235
1BSU	550.81	-1827.71	21.50	18.00	12112.40	3952.90	8159.50	16065.30	6.64	1BSU	-191.893	1BSU	3.08	3.82	1.04	2.65	28	9.31091
1BY4	348.45	-1481.65	16.00	4.00	5553.10	11036.30	-5483.20	16589.40	6.46	1BY4	-117.056	1BY4	-14.35	-13.63	-24.22	-17.40	22	7.3217
1F6U	1009.53	-2839.92	32.50	16.00	5507.80	3741.00	1766.80	9248.80	6.96	1F6U	-208.857	1F6U	2.22	-0.25	-0.93	0.34	236	84.1644
1H88	258.72	-1221.72	10.00	12.00	7437.00	9616.10	-2179.10	17053.10	8.79	1H88	-103.797	1H88	-11.70	-11.75	-20.17	-14.54	17	5.66379
1H89	250.04	-1188.95	9.50	15.00	6645.20	9626.10	-2980.90	16271.30	8.79	1H89	-127.373	1H89	-18.04	-21.64	-29.54	-23.07	22	7.15728
1H8A	273.65	-1221.22	11.50	12.00	7075.30	9677.80	-2602.50	16753.10	7.60	1H8A	-136.903	1H8A	-11.42	-11.42	-19.81	-14.22	20	6.81278
1H9D	346.76	-1315.59	16.00	21.00	7496.30	7802.20	-305.90	15298.50	11.00	1H9D	-134.765	1H9D	-6.12	-6.08	-12.28	-8.16	32	10.4878
1H9T	797.35	-1911.99	30.50	17.00	13181.30	7161.40	6019.90	20342.70	9.70	1H9T	-251.215	1H9T	-4.19	-4.19	-10.14	-6.17	32	10.3646
1I8M	204.52	-270.18	6.00	3.00	11260.10	2065.40	9194.70	13325.50	5.57	1I8M	-44.467	1I8M	2.54	3.37	1.83	2.58	7	2.41687
1IMH	412.15	-1938.36	16.00	14.00	15392.50	5791.40	9601.10	21183.90	7.52	1IMH	-116.301	1IMH	-2.92	-2.66	-7.48	-4.36	22	7.2115
1IO4	249.75	-1117.34	10.50	7.00	6392.00	9600.80	-3208.80	15992.80	8.12	1IO4	-91.377	1IO4	-12.04	-11.67	-20.58	-14.76	11	3.70359
1J5K	764.63	-1713.50	31.00	9.00	5379.00	1501.40	3877.60	6880.40	5.52	1J5K	-131.109	1J5K	5.43	5.61	4.57	5.21	235	83.4124
1J75	286.10	-553.80	12.00	3.00	3651.00	1790.80	1860.20	5441.80	7.46	1J75	-87.744	1J75	2.98	3.40	1.80	2.72	3	1.14671
1JBR	249.11	-1184.86	2.00	6.00	8383.80	10883.20	-2499.40	19267.00	6.00	1JBR	-49.536	1JBR	-15.98	-25.17	-26.34	-22.49	15	5.21733
1JE8	411.04	-1530.60	12.50	15.00	4414.00	15121.30	-10707.30	19535.30	9.82	1JE8	-188.487	1JE8	-20.36	-19.20	-33.45	-24.34	17	5.78848
1JFS	259.54	-900.34	11.00	8.00	17211.70	4000.10	13211.60	21211.80	9.15	1JFS	-114.317	1JFS	0.21	0.32	-2.52	-0.66	17	5.55656
1JFT	303.59	-922.22	11.50	10.00	17337.00	4020.20	13316.80	21357.20	9.15	1JFT	-119.088	1JFT	0.27	0.32	-2.51	-0.64	21	6.69574
1JH9	364.37	-977.60	13.50	11.00	16737.80	3978.70	12759.10	20716.50	8.70	1JH9	-115.696	1JH9	0.39	0.41	-2.45	-0.55	21	6.88877
1JJ4	365.27	-1247.60	9.00	13.00	4698.10	6051.40	-1353.30	10749.50	8.80	1JJ4	-140.865	1JJ4	-3.94	-3.51	-9.05	-5.50	19	6.42038
1JK1	684.54	-2355.09	28.50	23.00	6870.70	4368.90	2501.80	11239.60	10.59	1JK1	-207.764	1JK1	2.81	1.98	0.07	1.62	35	11.3578
1JK2	776.20	-2687.03	28.50	25.00	6825.40	4448.50	2376.90	11273.90	10.37	1JK2	-227.707	1JK2	3.15	3.86	0.39	2.47	42	13.5199
1JKO	820.50	-1486.75	33.00	14.00	3246.30	5676.60	-2430.30	8922.90	8.12	1JKO	-239.704	1JKO	-0.82	-0.51	-5.26	-2.20	28	9.15284
1JKP	832.80	-1610.03	34.00	17.00	3630.50	5706.80	-2076.30	9337.30	8.69	1JKP	-231.063	1JKP	-1.05	-0.31	-5.52	-2.29	41	13.3389
1JKQ	737.89	-1413.72	22.00	13.00	3295.00	5741.10	-2446.10	9036.10	7.57	1JKQ	-188.758	1JKQ	-1.67	-1.34	-6.20	-3.07	29	9.49641
1JKR	762.91	-1474.36	31.50	15.00	3426.20	5787.90	-2361.70	9214.10	7.01	1JKR	-234.388	1JKR	-1.35	-0.96	-5.95	-2.75	26	8.43601
1JT0	547.99	-1593.06	20.00	16.00	10588.90	10446.00	142.90	21034.90	7.31	1JT0	-177.446	1JT0	-11.76	-11.11	-21.08	-14.65	30	10.2609
1KFV	730.60	-2120.34	24.00	12.00	12874.30	10261.40	2612.90	23135.70	8.22	1KFV	-233.568	1KFV	-8.55	-7.53	-16.41	-10.83	25	8.0935
1KQ2	354.95	-467.17	6.00	5.00	4246.30	2220.00	2026.30	6466.30	7.52	1KQ2	-92.642	1KQ2	3.02	2.48	1.86	2.45	7	2.3063
1L1C	607.72	-2280.55	38.00	17.00	4209.80	5692.50	-1482.70	9902.30	8.00	1L1C	-144.118	1L1C	-2.90	-6.99	-7.86	-5.92	213	73.1222
1M18	983.68	-2965.50	51.50	20.00	8588.40	53232.90	-44644.50	61821.30	6.22	1M18	-363.457	1M18	-130.90	-147.59	-198.33	-158.94	36	11.8028
1M19	956.56	-3038.60	47.00	24.00	8988.60	53146.10	-44157.50	62134.70	6.22	1M19	-360.942	1M19	-130.61	-147.22	-197.97	-158.60	37	11.9548
1M1A	998.48	-3008.98	49.50	16.00	8828.80	52879.20	-44050.40	61708.00	6.22	1M1A	-358.454	1M1A	-130.80	-147.50	-198.26	-158.85	39	12.8439
1MHD	205.05	-1238.84	7.00	9.00	7181.50	5176.30	2005.20	12357.80	6.94	1MHD	-81.763	1MHD	-3.23	-3.19	-7.24	-4.55	11	3.57479
1N32	572.71	-3556.05	20.00	8.00	12237.90	214697.60	-202459.70	226935.50	3.82	1N32	-142.884	1N32	-13.86	-22.60	-23.63	-20.03	12	4.03244
1N33	461.38	-3387.81	14.00	5.00	13006.10	217227.50	-204221.40	230233.60	4.07	1N33	-120.299	1N33	-12.57	-20.49	-22.06	-18.38	8	2.63471
1N34	552.52	-3654.53	24.50	16.00	12497.80	216098.20	-203600.40	228596.00	3.66	1N34	-143.737	1N34	-12.79	-20.30	-22.61	-18.56	34	11.0958
1N36	474.75	-3547.42	18.50	10.00	12660.60	214970.70	-202310.10	227631.30	3.82	1N36	-115.309	1N36	-12.56	-20.43	-22.15	-18.38	23	7.34717
1NG9	1284.71	-2853.34	49.50	17.00	38511.00	6776.80	31734.20	45287.80	5.02	1NG9	-348.337	1NG9	-1.06	-0.47	-7.04	-2.86	26	8.30154
1NKP	364.17	-1374.81	11.50	8.00	8225.90	14644.40	-6418.50	22870.30	7.05	1NKP	-103.071	1NKP	-19.82	-19.61	-32.23	-23.89	22	7.22057
1NNJ	823.85	-2229.24	27.50	16.00	13173.50	5570.20	7603.30	18743.70	8.22	1NNJ	-236.504	1NNJ	-0.18	0.63	-4.36	-1.30	31	9.9324
1NYB	389.15	-1359.90	33.50	14.00	2709.30	4766.10	-2056.80	7475.40	7.09	1NYB	-124.698	1NYB	-2.10	-5.34	-6.15	-4.53	159	55.8856
1O3S	242.02	-1468.12	14.50	14.00	11888.50	5184.00	6704.50	17072.50	10.85	1O3S	-130.853	1O3S	-2.00	-2.05	-5.99	-3.35	28	9.4405
1OUZ	1027.52	-2684.44	48.50	25.00	8318.80	13212.50	-4893.70	21531.30	7.82	1OUZ	-323.723	1OUZ	-13.72	-12.26	-25.45	-17.15	36	11.5685
1OWF	1020.48	-2661.46	44.50	20.00	8502.80	13103.00	-4600.20	21605.80	8.34	1OWF	-330.465	1OWF	-13.74	-12.26	-25.46	-17.15	34	11.3003
1OWG	1084.52	-2684.05	46.00	23.00	8451.60	13090.50	-4638.90	21542.10	6.70	1OWG	-320.166	1OWG	-13.68	-12.20	-25.38	-17.09	47	15.1185
1OWR	622.65	-2663.33	32.00	20.00	16481.80	23068.90	-6587.10	39550.70	8.57	1OWR	-179.417	1OWR	-32.55	-30.31	-51.98	-38.28	45	14.8937
1P7H	633.99	-2459.03	32.00	20.00	16567.50	11343.10	5224.40	27910.60	7.70	1P7H	-229.738	1P7H	-11.20	-10.36	-20.68	-14.08	40	12.9345
1PO6	1046.46	-1412.12	22.50	15.00	11002.10	3028.10	7974.00	14030.20	6.80	1PO6	-219.973	1PO6	5.29	5.34	3.95	4.86	34	10.6166
1PP8	485.74	-1851.20	29.50	14.00	7127.20	17641.10	-10513.90	24768.30	6.72	1PP8	-201.896	1PP8	-24.43	-22.65	-39.87	-28.98	29	9.69086
1Q9Y	1308.96	-3582.29	47.50	17.00	42573.00	6252.40	36320.60	48825.40	4.70	1Q9Y	-425.685	1Q9Y	1.49	1.56	-3.42	-0.12	35	11.497
1QFQ	778.31	-2443.98	39.50	14.00	3757.80	3073.10	684.70	6830.90	7.70	1QFQ	-99.470	1QFQ	2.44	-0.02	-0.06	0.79	357	124.864
1QP0	336.35	-918.74	10.50	8.00	17205.00	4053.70	13151.30	21258.70	8.00	1QP0	-128.424	1QP0	0.31	0.38	-2.49	-0.60	14	4.55141
1QP4	317.51	-914.65	11.00	8.00	17083.50	4052.30	13031.20	21135.80	8.00	1QP4	-127.843	1QP4	0.25	0.43	-2.54	-0.62	18	5.84104
1QP7	300.96	-886.94	11.00	9.00	17028.50	4056.50	12972.00	21085.00	6.11	1QP7	-113.824	1QP7	0.11	0.23	-2.63	-0.76	17	5.63131
1QP9	590.22	-1597.62	23.00	23.00	6777.70	14458.10	-7680.40	21235.80	7.42	1QP9	-179.667	1QP9	-19.16	-17.82	-31.97	-22.98	45	14.3775
1QPZ	318.89	-927.28	11.00	9.00	17264.20	4035.20	13229.00	21299.40	8.59	1QPZ	-126.919	1QPZ	0.32	0.52	-2.45	-0.54	16	5.32083
1QQA	330.15	-900.74	12.00	7.00	17065.70	4041.10	13024.60	21106.80	6.40	1QQA	-117.296	1QQA	0.11	0.31	-2.67	-0.75	16	5.3577
1QQB	292.87	-896.08	10.50	8.00	16891.70	4056.00	12835.70	20947.70	5.70	1QQB	-113.791	1QQB	0.16	0.38	-2.61	-0.69	15	4.99824
1QZG	741.59	-1196.79	14.00	11.00	9035.50	2439.80	6595.70	11475.30	6.32	1QZG	-170.479	1QZG	4.81	5.39	3.30	4.50	17	5.87855
1R8D	654.60	-1714.50	25.50	15.00	7987.00	10223.50	-2236.50	18210.50	8.62	1R8D	-229.963	1R8D	-10.03	-9.13	-18.55	-12.57	24	7.80787
1R8E	258.81	-766.68	10.50	9.00	17230.70	5377.70	11853.00	22608.40	8.62	1R8E	-103.197	1R8E	-2.59	-2.50	-6.39	-3.82	14	4.4958
1RKJ	1286.17	-3778.37	48.00	18.00	12051.20	4963.60	7087.60	17014.80	5.96	1RKJ	-77.722	1RKJ	2.10	-0.38	-1.59	0.04	513	184.97
1S03	806.03	-2122.75	23.50	9.00	7574.70	17321.60	-9746.90	24896.30	6.70	1S03	-238.877	1S03	-3.31	-7.12	-9.10	-6.51	15	4.92844
1SI2	665.18	-1256.70	22.50	13.00	7893.20	2252.70	5640.50	10145.90	9.05	1SI2	-196.770	1SI2	5.19	4.49	3.83	4.50	22	7.26579
1SI3	646.51	-1241.09	22.50	17.00	7873.00	2176.30	5696.70	10049.30	8.66	1SI3	-167.668	1SI3	4.93	4.07	3.65	4.22	31	10.0202
1T9I	1162.67	-3348.20	37.50	30.00	8742.90	8927.40	-184.50	17670.30	9.22	1T9I	-387.513	1T9I	-3.39	-3.28	-10.71	-5.79	46	15.2474
1T9J	1318.70	-3444.55	40.50	33.00	8664.70	8845.10	-180.40	17509.80	9.22	1T9J	-431.319	1T9J	-2.82	-2.53	-10.18	-5.18	47	15.5101
1U0C	1150.54	-3307.27	33.50	28.00	8770.00	8872.10	-102.10	17642.10	8.70	1U0C	-355.738	1U0C	-3.99	-4.13	-11.28	-6.47	57	18.8053
1U1K	1115.16	-1454.38	21.00	15.00	10930.90	3151.80	7779.10	14082.70	6.97	1U1K	-216.835	1U1K	5.49	5.61	4.15	5.08	31	9.79182
1U1L	1150.42	-1457.17	20.00	17.00	10948.80	3148.50	7800.30	14097.30	6.97	1U1L	-226.245	1U1L	5.44	5.42	4.13	5.00	35	10.9687
1U1M	1127.11	-1464.91	21.00	16.00	10953.60	3281.90	7671.70	14235.50	6.53	1U1M	-217.032	1U1M	5.39	5.43	4.05	4.96	36	11.3405
1U1N	1109.01	-1464.61	20.50	16.00	10946.80	3280.30	7666.50	14227.10	6.50	1U1N	-228.597	1U1N	5.52	5.66	4.22	5.13	33	10.376
1U1O	1109.53	-1466.45	21.50	20.00	10943.40	3327.10	7616.30	14270.50	7.23	1U1O	-216.882	1U1O	5.40	5.46	4.05	4.97	43	13.2689
1U1P	1126.52	-1474.32	21.00	16.00	11065.90	3283.30	7782.60	14349.20	6.68	1U1P	-223.692	1U1P	5.52	5.60	4.18	5.10	35	11.0105
1U1Q	1123.54	-1475.20	23.50	17.00	10795.30	3264.90	7530.40	14060.20	7.12	1U1Q	-226.610	1U1Q	5.51	5.48	4.15	5.04	30	9.49015
1U1R	1092.05	-1459.71	21.50	17.00	10825.90	3319.20	7506.70	14145.10	6.64	1U1R	-222.675	1U1R	5.38	5.44	4.05	4.96	34	10.6579
1U6P	955.23	-2311.94	26.50	14.00	6907.50	19209.60	-12302.10	26117.10	7.12	1U6P	-179.053	1U6P	-41.18	-63.82	-64.24	-56.41	243	86.1831
1UTF	369.82	-510.40	3.00	8.00	4907.00	9105.80	-4198.80	14012.80	9.04	1UTF	-75.034	1UTF	-3.63	-8.27	-7.89	-6.60	11	3.61694
1UTV	373.97	-537.80	2.50	8.00	4944.70	8615.40	-3670.70	13560.10	9.04	1UTV	-77.214	1UTV	-3.08	-7.19	-7.07	-5.78	13	4.32864
1VFC	434.55	-3290.19	45.50	10.00	6136.40	5101.90	1034.50	11238.30	6.12	1VFC	-169.855	1VFC	-0.97	-0.70	-5.12	-2.26	186	63.5553
1WB9	1227.31	-2866.75	52.00	21.00	37653.90	6793.10	30860.80	44447.00	7.74	1WB9	-383.081	1WB9	-0.91	-0.17	-6.83	-2.64	28	9.04551
1WBB	1185.25	-2854.97	51.00	19.00	37730.20	6782.60	30947.60	44512.80	7.70	1WBB	-367.414	1WBB	-1.11	-0.54	-7.09	-2.92	25	7.97246
1WET	290.46	-917.78	11.00	7.00	17235.60	3997.60	13238.00	21233.20	5.82	1WET	-121.190	1WET	0.17	0.19	-2.64	-0.76	16	5.43431
1WSU	259.15	-1142.66	9.50	12.00	7354.50	12099.40	-4744.90	19453.90	9.70	1WSU	-122.711	1WSU	-15.95	-24.44	-26.51	-22.30	19	6.24599
1WWD	845.03	-1678.71	22.00	11.00	6996.70	1787.30	5209.40	8784.00	6.77	1WWD	-139.668	1WWD	4.97	4.25	3.96	4.39	229	81.6651
1WWE	769.79	-1818.35	21.00	12.00	6792.60	2101.50	4691.10	8894.10	6.77	1WWE	-147.594	1WWE	4.98	4.32	3.92	4.40	200	70.6286
1WWF	959.90	-2143.97	29.50	15.00	7213.80	2068.40	5145.40	9282.20	7.03	1WWF	-209.027	1WWF	5.95	5.51	4.83	5.43	243	86.9242
1WWG	919.17	-1562.47	19.50	14.00	6780.00	2084.10	4695.90	8864.10	7.02	1WWG	-167.505	1WWG	5.25	4.82	4.37	4.81	210	75.3652
1XJV	1982.73	-2304.36	31.50	26.00	15026.00	2644.20	12381.80	17670.20	8.04	1XJV	-291.589	1XJV	8.40	8.35	6.68	7.81	47	15.4974
1YFH	637.31	-1547.14	20.50	9.00	8727.40	11915.50	-3188.10	20642.90	6.10	1YFH	-161.771	1YFH	-14.12	-13.00	-24.37	-17.17	24	7.58276
1YVP	1495.75	-3443.42	36.00	37.00	23683.70	11521.20	12162.50	35204.90	8.28	1YVP	-436.453	1YVP	-0.25	-5.67	-6.66	-4.20	62	20.3285
1Z63	137.29	-1853.69	8.00	6.00	22274.40	15019.30	7255.10	37293.70	7.00	1Z63	-70.968	1Z63	-21.78	-19.52	-34.92	-25.41	12	3.88878
1ZG1	403.26	-1515.51	12.50	10.00	4416.50	15274.60	-10858.10	19691.10	6.42	1ZG1	-164.470	1ZG1	-20.52	-19.46	-33.66	-24.55	15	5.06953
1ZG5	444.58	-1535.68	13.50	13.00	4481.40	15164.50	-10683.10	19645.90	6.42	1ZG5	-189.752	1ZG5	-20.39	-19.52	-33.61	-24.50	17	5.69262
1ZH5	824.26	-1670.63	15.00	10.00	12355.30	4188.00	8167.30	16543.30	8.15	1ZH5	-220.475	1ZH5	2.34	0.82	-0.43	0.91	10	3.41061
1ZZI	720.81	-1075.00	16.50	8.00	5621.70	2767.20	2854.50	8388.90	5.66	1ZZI	-173.837	1ZZI	3.96	4.39	2.30	3.55	24	7.75497
2A66	1035.34	-2442.48	48.00	27.00	6569.40	4634.30	1935.10	11203.70	6.91	2A66	-352.461	2A66	3.41	3.37	-0.16	2.21	45	14.6708
2A9X	756.86	-2361.33	33.00	14.00	1788.30	5136.30	-3348.00	6924.60	6.82	2A9X	-111.266	2A9X	-2.30	-6.42	-7.09	-5.27	325	113.675
2AC0	375.74	-1738.10	20.00	17.00	10062.40	8910.60	1151.80	18973.00	7.85	2AC0	-163.984	2AC0	-9.16	-9.01	-16.73	-11.63	25	8.20341
2ADY	197.87	-1141.23	10.50	11.00	9972.50	4735.20	5237.30	14707.70	7.85	2ADY	-93.239	2ADY	-2.17	-2.01	-5.82	-3.33	18	5.80905
2AHI	356.49	-1672.45	17.50	12.00	10394.00	8485.90	1908.10	18879.90	7.70	2AHI	-135.981	2AHI	-8.33	-8.11	-15.29	-10.57	21	6.83714
2AOQ	1519.21	-3571.07	47.50	28.00	12344.20	4701.10	7643.10	17045.30	6.05	2AOQ	-482.557	2AOQ	6.10	5.14	2.97	4.74	45	14.9529
2AOR	1416.36	-3357.39	46.00	20.00	12317.80	8441.10	3876.70	20758.90	6.05	2AOR	-425.851	2AOR	-1.48	-1.40	-7.61	-3.49	30	10.065
2ATA	245.71	-1536.84	12.00	11.00	10261.50	8127.00	2134.50	18388.50	7.08	2ATA	-116.242	2ATA	-8.40	-7.98	-15.16	-10.52	16	5.19788
2AYB	314.15	-1278.08	13.50	10.00	6071.60	5993.30	78.30	12064.90	8.70	2AYB	-95.400	2AYB	-4.53	-4.41	-9.79	-6.25	19	6.29603
2AYG	364.23	-1393.98	13.00	14.00	5900.40	6657.70	-757.30	12558.10	8.70	2AYG	-134.887	2AYG	-5.39	-4.98	-11.22	-7.19	21	6.9726
2B0D	614.03	-2343.92	23.50	19.00	12348.80	4339.20	8009.60	16688.00	7.76	2B0D	-225.364	2B0D	2.02	2.13	-1.21	0.98	37	12.2415
2B0E	659.03	-2377.34	23.00	20.00	12073.50	4324.80	7748.70	16398.30	7.76	2B0E	-230.384	2B0E	2.22	2.21	-1.08	1.12	36	11.7334
2B63	380.95	-2030.34	17.00	10.00	78420.70	6070.40	72350.30	84491.10	7.48	2B63	-98.119	2B63	-2.53	-6.48	-6.91	-5.31	25	8.12755
2B6G	218.87	-1096.54	12.00	3.00	5560.80	3886.00	1674.80	9446.80	7.52	2B6G	-56.399	2B6G	-1.86	-4.29	-5.12	-3.76	76	27.7931
2BNW	352.82	-954.39	7.50	7.00	4907.80	12498.50	-7590.70	17406.30	7.70	2BNW	-90.387	2BNW	-19.11	-17.85	-30.77	-22.58	9	2.9064
2BNZ	143.07	-875.79	4.00	4.00	5025.60	8405.70	-3380.10	13431.30	7.70	2BNZ	-82.413	2BNZ	-10.31	-9.48	-17.61	-12.47	9	2.96492
2BSQ	36.52	-337.07	3.00	1.00	8444.00	13413.30	-4969.30	21857.30	8.35	2BSQ	-18.973	2BSQ	-29.74	-33.01	-45.83	-36.19	3	1.0684
2C7A	421.32	-1484.05	20.00	14.00	5625.50	6827.10	-1201.60	12452.60	6.88	2C7A	-169.092	2C7A	-4.95	-4.30	-10.56	-6.60	18	6.09931
2CAX	147.08	-882.37	3.50	4.00	5353.50	12539.10	-7185.60	17892.60	7.40	2CAX	-76.077	2CAX	-19.68	-18.66	-31.38	-23.24	5	1.71042
2CCZ	431.79	-986.78	9.00	7.00	8864.10	4313.50	4550.60	13177.60	7.00	2CCZ	-92.984	2CCZ	0.81	2.32	-1.45	0.56	12	3.90394
2ERE	573.80	-1359.05	23.00	13.00	4891.70	5708.70	-817.00	10600.40	7.52	2ERE	-194.795	2ERE	-2.59	-2.87	-7.38	-4.28	28	9.33397
2ERG	553.57	-1301.90	18.50	13.00	5079.20	5734.10	-654.90	10813.30	7.60	2ERG	-181.807	2ERG	-2.89	-2.93	-7.71	-4.51	28	9.1916
2ES2	893.16	-853.00	14.00	9.00	4461.70	1447.40	3014.30	5909.10	6.49	2ES2	-133.928	2ES2	5.45	6.75	4.46	5.55	16	5.27458
2F4V	471.00	-3548.95	24.00	14.00	13984.90	215240.80	-201255.90	229225.70	5.66	2F4V	-124.310	2F4V	-13.14	-22.18	-23.07	-19.47	31	10.0941
2F8K	211.54	-870.72	8.50	8.00	5125.90	2956.30	2169.60	8082.20	7.60	2F8K	-96.274	2F8K	0.62	-1.07	-1.87	-0.77	10	3.21809
2FR4	356.67	-514.27	3.00	2.00	11426.00	4441.80	6984.20	15867.80	5.40	2FR4	-60.512	2FR4	-1.82	-0.88	-5.07	-2.59	3	1.01329
2GE5	651.29	-2305.70	30.50	17.00	11430.70	4428.90	7001.80	15859.60	6.42	2GE5	-229.872	2GE5	2.07	2.31	-1.14	1.08	28	9.35135
2GJE	133.21	-830.24	9.50	3.00	9581.30	4775.90	4805.40	14357.20	8.15	2GJE	-40.723	2GJE	-0.85	-3.24	-3.66	-2.58	16	5.40402
2GKD	301.88	-1667.00	29.50	3.00	8045.10	4324.40	3720.70	12369.50	4.85	2GKD	-54.870	2GKD	-2.13	-1.51	-5.86	-3.17	116	40.773
2GLO	711.13	-3544.49	49.50	27.00	4460.80	4796.90	-336.10	9257.70	7.52	2GLO	-191.357	2GLO	0.85	0.71	-2.96	-0.47	350	120.573
2H1K	463.59	-1735.26	23.00	19.00	4510.40	11567.80	-7057.40	16078.20	8.92	2H1K	-186.104	2H1K	-12.72	-11.44	-22.30	-15.49	28	9.12849
2HDD	413.68	-1455.91	18.00	20.00	4375.20	7896.10	-3520.90	12271.30	11.06	2HDD	-171.101	2HDD	-6.90	-5.94	-13.76	-8.87	31	10.1794
2HOS	265.29	-1292.00	12.00	13.00	4398.80	7851.40	-3452.60	12250.20	8.82	2HOS	-126.622	2HOS	-8.00	-7.16	-14.86	-10.01	17	5.62884
2HOT	239.47	-1245.27	13.50	10.00	4211.60	7907.40	-3695.80	12119.00	8.82	2HOT	-116.853	2HOT	-8.20	-7.53	-15.17	-10.30	14	4.68657
2HVI	1725.01	-4157.93	62.00	31.00	28332.20	8563.50	19768.70	36895.70	4.75	2HVI	-532.261	2HVI	1.74	1.97	-4.43	-0.24	52	17.014
2I91	1347.29	-4332.74	46.50	29.00	23734.90	9370.20	14364.70	33105.10	7.59	2I91	-417.517	2I91	-0.54	-5.86	-7.51	-4.63	73	24.1072
2IBS	1110.49	-3264.87	33.50	21.00	19181.80	7860.50	11321.30	27042.30	6.30	2IBS	-380.741	2IBS	1.03	1.82	-3.82	-0.32	27	9.13613
2IBT	1048.94	-3025.37	35.00	22.00	19092.60	7884.30	11208.30	26976.90	6.30	2IBT	-362.397	2IBT	1.31	2.11	-3.08	0.12	32	10.8321
2IRF	230.96	-691.62	6.50	3.00	6698.00	14046.30	-7348.30	20744.30	6.77	2IRF	-56.629	2IRF	-18.27	-16.66	-29.09	-21.34	4	1.36172
2ISP	1190.90	-3135.22	44.00	24.00	17397.00	6105.20	11291.80	23502.20	6.12	2ISP	-344.938	2ISP	1.03	1.58	-3.74	-0.38	50	15.945
2JPP	1111.53	-3554.72	48.00	21.00	5300.90	8426.70	-3125.80	13727.60	7.07	2JPP	-305.364	2JPP	-3.92	-9.86	-10.38	-8.05	423	146.101
2JXI	226.90	-889.27	12.50	6.00	4580.00	5285.80	-705.80	9865.80	6.47	2JXI	-74.445	2JXI	-3.97	-3.49	-8.51	-5.33	67	22.9126
2K7F	551.83	-3017.18	44.50	24.00	7140.20	4838.90	2301.30	11979.10	8.00	2K7F	-183.333	2K7F	0.22	-0.74	-3.37	-1.30	300	106.377
2KDZ	602.08	-3901.75	69.00	32.00	9077.30	5889.40	3187.90	14966.70	8.91	2KDZ	-246.240	2KDZ	-0.85	-0.84	-5.73	-2.47	399	139.036
2KEK	882.81	-3581.15	59.50	27.00	5143.70	8649.30	-3505.60	13793.00	7.00	2KEK	-254.077	2KEK	-6.19	-6.25	-13.96	-8.80	373	132.32
2KKF	753.41	-4195.64	55.50	15.00	4754.00	4721.60	32.40	9475.60	4.36	2KKF	-224.214	2KKF	1.41	0.29	-2.40	-0.24	341	117.89
2KO0	946.46	-3785.29	61.50	17.00	6170.10	6176.70	-6.60	12346.80	6.32	2KO0	-267.795	2KO0	-1.03	-1.37	-6.30	-2.90	392	141.141
2L2K	699.12	-3307.23	62.00	17.00	5145.20	7848.40	-2703.20	12993.60	6.48	2L2K	-264.443	2L2K	-2.74	-6.83	-8.20	-5.92	251	86.9653
2L3C	522.63	-2578.74	41.50	12.00	5255.10	6385.60	-1130.50	11640.70	6.48	2L3C	-156.307	2L3C	-4.92	-9.49	-10.72	-8.38	174	60.4767
2LBS	510.80	-2903.61	46.00	6.00	6494.60	6288.00	206.60	12782.60	4.47	2LBS	-117.860	2LBS	-4.42	-9.03	-9.95	-7.80	164	57.309
2LD5	1292.01	-2239.07	66.50	29.00	6211.40	4365.50	1845.90	10576.90	8.12	2LD5	-344.339	2LD5	4.02	4.03	0.73	2.92	319	113.175
2LEB	1573.53	-3026.37	41.50	27.00	7165.10	1902.80	5262.30	9067.90	6.66	2LEB	-325.644	2LEB	9.17	8.67	8.43	8.76	394	137.682
2LEC	1479.04	-3033.90	41.00	18.00	7406.80	1910.50	5496.30	9317.30	6.66	2LEC	-294.037	2LEC	8.31	7.94	7.49	7.91	333	117.056
2LEV	511.84	-1785.73	37.00	11.00	4747.50	5836.40	-1088.90	10583.90	5.96	2LEV	-168.989	2LEV	-3.65	-2.57	-8.67	-4.96	204	70.2254
2LI8	1445.38	-2912.78	47.50	30.00	5836.00	2249.10	3586.90	8085.10	9.80	2LI8	-306.635	2LI8	8.37	7.87	7.40	7.88	425	146.898
2NOE	820.62	-2237.65	25.00	19.00	14001.40	5164.70	8836.70	19166.10	7.82	2NOE	-241.144	2NOE	0.71	1.11	-3.26	-0.48	35	11.2339
2NP2	1196.70	-2863.74	55.50	22.00	9201.00	13011.50	-3810.50	22212.50	7.26	2NP2	-331.557	2NP2	-13.86	-11.77	-25.80	-17.14	44	14.352
2NQ9	976.28	-2473.90	32.50	18.00	11777.80	4420.10	7357.70	16197.90	6.94	2NQ9	-321.564	2NQ9	3.30	4.26	0.05	2.53	28	9.09779
2NQJ	1050.62	-2678.35	38.50	19.00	11694.20	5865.20	5829.00	17559.40	6.94	2NQJ	-333.083	2NQJ	0.87	1.06	-3.76	-0.61	32	10.5457
2NTC	583.54	-1615.72	14.50	19.00	7098.40	7863.10	-764.70	14961.50	7.22	2NTC	-223.126	2NTC	-6.28	-5.98	-13.11	-8.46	31	9.98035
2NTZ	177.19	-1224.41	5.50	8.00	14290.00	12450.60	1839.40	26740.60	7.31	2NTZ	-70.355	2NTZ	-16.58	-16.24	-26.89	-19.90	13	4.29449
2O6M	538.39	-2365.54	24.00	20.00	10388.50	8200.20	2188.30	18588.70	7.89	2O6M	-224.387	2O6M	-5.12	-4.66	-11.74	-7.17	29	9.3018
2O8K	534.09	-2702.99	35.50	13.00	4676.30	5622.40	-946.10	10298.70	6.94	2O8K	-116.489	2O8K	-2.09	-2.39	-6.46	-3.65	288	102.754
2O9L	597.03	-2213.33	42.50	16.00	4842.60	5672.00	-829.40	10514.60	6.94	2O9L	-204.042	2O9L	-1.18	-1.16	-5.43	-2.59	238	83.3267
2P7C	1084.55	-4518.29	54.50	27.00	5925.30	4687.80	1237.50	10613.10	3.72	2P7C	-257.416	2P7C	2.56	2.52	-1.23	1.28	455	161.869
2PI5	1645.89	-4249.09	46.00	32.00	40030.40	6674.60	33355.80	46705.00	6.20	2PI5	-541.908	2PI5	4.38	4.64	-0.32	2.90	46	15.0194
2Q2K	75.78	-455.51	7.50	8.00	4845.30	4699.50	145.80	9544.80	7.76	2Q2K	-49.166	2Q2K	-1.35	-0.75	-4.21	-2.10	16	5.29546
2R5Y	570.01	-1900.92	28.00	23.00	6869.20	7651.20	-782.00	14520.40	7.99	2R5Y	-194.746	2R5Y	-5.06	-4.79	-11.45	-7.10	38	12.3619
2R5Z	829.73	-2184.03	39.00	18.00	7067.80	7520.40	-452.60	14588.20	8.06	2R5Z	-258.563	2R5Z	-3.93	-3.50	-10.38	-5.94	28	9.23061
2R8S	773.13	-2105.09	26.50	19.00	11247.40	26020.80	-14773.40	37268.20	7.29	2R8S	-239.957	2R8S	-2.63	-7.42	-8.07	-6.04	25	8.30265
2RBF	395.23	-1006.49	12.00	8.00	4289.20	7132.10	-2842.90	11421.30	6.68	2RBF	-139.377	2RBF	-6.43	-6.36	-12.27	-8.35	10	3.35866
2RQC	1352.92	-2521.34	34.50	20.00	8011.80	2027.00	5984.80	10038.80	5.72	2RQC	-277.372	2RQC	7.73	7.31	6.80	7.28	261	90.1193
2VLA	1071.54	-3219.25	39.50	32.00	13510.00	4635.10	8874.90	18145.10	8.14	2VLA	-352.911	2VLA	4.18	3.42	0.79	2.80	46	15.0006
2VPL	1266.02	-3111.19	37.50	18.00	8118.00	17422.60	-9304.60	25540.60	7.34	2VPL	-369.197	2VPL	-33.91	-55.10	-55.50	-48.17	31	10.2772
2VY1	283.65	-1035.47	5.50	12.00	9505.80	4730.80	4775.00	14236.60	7.02	2VY1	-123.996	2VY1	-2.19	2.30	-6.00	-1.96	13	4.21099
2VYE	39.43	-229.95	2.50	3.00	25519.10	2990.50	22528.60	28509.60	7.33	2VYE	-13.313	2VYE	0.88	2.08	-0.42	0.85	6	2.19406
2W42	1297.23	-2348.82	25.00	21.00	18137.80	5386.80	12751.00	23524.60	7.53	2W42	-299.509	2W42	3.33	3.80	-0.09	2.35	31	10.4114
2W7N	918.69	-2875.04	27.00	18.00	7356.70	7053.40	303.30	14410.10	7.63	2W7N	-346.020	2W7N	-9.79	11.60	-19.74	-5.98	43	14.2695
2W8L	1015.06	-3341.24	43.50	18.00	17962.10	5862.10	12100.00	23824.20	4.54	2W8L	-372.017	2W8L	3.00	4.88	-1.14	2.25	73	24.158
2X6V	957.95	-1826.68	31.50	9.00	10317.70	4194.80	6122.90	14512.50	6.96	2X6V	-203.083	2X6V	1.46	1.82	-1.84	0.48	17	5.6171
2XC7	1016.26	-1365.69	20.00	9.00	7951.50	1387.90	6563.60	9339.40	5.19	2XC7	-118.555	2XC7	6.34	5.93	5.80	6.03	302	106.645
2XE0	1342.43	-2912.46	40.00	21.00	8685.60	8949.10	-263.50	17634.70	7.55	2XE0	-269.830	2XE0	-3.67	-4.25	-10.94	-6.29	63	23.1763
2XFM	1082.29	648.36	63.00	11.00	8641.80	2903.40	5738.40	11545.20	6.05	2XFM	92.419	2XFM	4.89	7.64	2.53	5.02	518	204.573
2XHI	819.02	-2273.32	28.50	20.00	14812.00	5587.70	9224.30	20399.70	9.77	2XHI	-226.001	2XHI	-0.23	0.18	-4.58	-1.54	37	11.8124
2XRZ	604.49	-2042.05	21.50	8.00	20193.90	9913.40	10280.50	30107.30	7.36	2XRZ	-175.689	2XRZ	-7.99	-8.56	-15.29	-10.61	17	5.53742
2XS2	1066.88	-1212.15	15.00	12.00	6180.20	1832.20	4348.00	8012.40	7.42	2XS2	-196.879	2XS2	6.03	5.35	4.94	5.44	16	5.28023
2XZL	1069.23	-2568.57	24.00	17.00	33797.20	2202.70	31594.50	35999.90	6.69	2XZL	-316.997	2XZL	8.08	7.91	6.88	7.62	22	7.59907
2YH1	1407.84	-3228.43	43.50	16.00	12604.00	2826.40	9777.60	15430.40	5.88	2YH1	-234.555	2YH1	7.47	6.46	6.03	6.65	294	105.996
3AAF	824.83	-1370.33	17.50	10.00	6657.20	5764.40	892.80	12421.60	6.60	3AAF	-216.501	3AAF	-1.87	-1.11	-6.44	-3.14	23	7.31935
3ADB	774.61	-3592.53	29.00	19.00	16983.00	31968.00	-14985.00	48951.00	7.41	3ADB	-271.174	3ADB	-78.98	-119.19	-121.61	-106.59	27	9.12913
3AM1	960.44	-3040.04	24.00	25.00	14358.90	13696.20	662.70	28055.10	7.41	3AM1	-284.193	3AM1	-28.43	-45.95	-47.00	-40.46	43	14.4609
3BEP	267.12	-1267.94	6.50	1.00	18045.30	5053.20	12992.10	23098.50	6.92	3BEP	-63.911	3BEP	-3.18	-2.07	-7.28	-4.18	7	2.32556
3BRD	863.59	-2258.86	30.50	17.00	21722.80	5902.10	15820.70	27624.90	7.49	3BRD	-229.014	3BRD	-0.89	-0.80	-5.47	-2.38	23	7.56495
3BRG	905.81	-2241.61	30.50	13.00	21864.70	5924.90	15939.80	27789.60	7.22	3BRG	-243.687	3BRG	-1.10	-1.01	-5.83	-2.65	20	6.65634
3BS1	472.04	-1564.57	20.50	16.00	6568.90	6237.30	331.60	12806.20	7.10	3BS1	-159.757	3BS1	-2.34	-1.42	-6.88	-3.55	20	6.71291
3BSU	600.24	-1079.85	20.50	3.00	3532.00	8641.40	-5109.40	12173.40	6.70	3BSU	-150.434	3BSU	-8.91	-9.36	-16.23	-11.50	7	2.211
3BSX	1647.63	-2562.95	25.50	29.00	16682.50	6296.40	10386.10	22978.90	8.55	3BSX	-346.578	3BSX	5.96	3.91	3.02	4.29	68	21.3787
3BX2	1579.29	-2326.67	24.50	26.00	15636.80	5751.40	9885.40	21388.20	7.87	3BX2	-305.157	3BX2	5.27	3.10	2.52	3.63	58	18.7293
3BX3	1653.99	-2286.90	20.50	22.00	15887.60	5622.00	10265.60	21509.60	7.24	3BX3	-305.535	3BX3	5.72	3.31	3.25	4.09	59	18.729
3CO6	604.26	-1875.92	19.00	13.00	5604.00	6117.60	-513.60	11721.60	6.89	3CO6	-181.345	3CO6	-2.94	-3.03	-7.66	-4.55	21	6.9037
3CO7	461.35	-1841.91	13.00	10.00	5423.70	11663.90	-6240.20	17087.60	7.92	3CO7	-152.104	3CO7	-14.48	-13.42	-24.57	-17.49	19	6.2579
3COA	548.07	-1967.64	17.50	13.00	5366.30	12295.40	-6929.10	17661.70	6.89	3COA	-179.342	3COA	-14.42	-13.36	-24.63	-17.47	19	6.2627
3COQ	509.22	-1246.61	15.00	9.00	8411.00	7423.10	987.90	15834.10	7.61	3COQ	-173.693	3COQ	-6.65	-6.57	-13.09	-8.77	18	6.10256
3CVV	929.33	-2209.33	25.00	6.00	23570.50	5660.70	17909.80	29231.20	5.07	3CVV	-213.195	3CVV	-1.33	-1.03	-6.01	-2.79	12	3.75447
3D2S	249.85	-473.31	9.00	11.00	5340.90	5720.70	-379.80	11061.60	6.85	3D2S	-56.258	3D2S	-0.25	-2.01	-2.87	-1.71	19	5.81496
3D2W	988.72	-872.08	16.00	8.00	4250.10	2618.70	1631.40	6868.80	6.86	3D2W	-173.887	3D2W	4.06	4.40	2.40	3.62	14	4.59533
3D6Y	285.44	-798.59	12.00	9.00	17351.90	5592.20	11759.70	22944.10	6.02	3D6Y	-107.062	3D6Y	-2.80	-2.51	-6.77	-4.03	13	4.33373
3D6Z	304.70	-793.80	12.00	8.00	17434.80	5593.30	11841.50	23028.10	6.02	3D6Z	-105.024	3D6Z	-2.85	-2.59	-6.82	-4.09	16	5.16901
3EGZ	1048.88	-1820.87	15.50	22.00	5401.00	12004.80	-6603.80	17405.80	9.22	3EGZ	-236.572	3EGZ	-22.15	-36.87	-37.10	-32.04	33	10.8769
3EQT	719.42	-1467.36	15.50	11.00	7612.00	3152.50	4459.50	10764.50	6.98	3EQT	-198.427	3EQT	2.65	0.95	0.14	1.25	14	4.72811
3F27	1381.98	-2468.66	49.00	20.00	6440.20	6119.40	320.80	12559.60	8.59	3F27	-379.385	3F27	0.41	1.19	-4.95	-1.11	43	13.5941
3FYL	395.50	-1412.57	19.00	11.00	4999.30	6298.30	-1299.00	11297.60	7.10	3FYL	-164.309	3FYL	-4.00	-3.70	-8.97	-5.56	17	5.5824
3G6P	313.27	-1406.05	16.50	12.00	5007.50	6814.60	-1807.10	11822.10	6.36	3G6P	-143.524	3G6P	-5.42	-4.87	-11.15	-7.15	17	5.60175
3G8U	353.43	-1357.86	16.00	9.00	5410.00	6304.80	-894.80	11714.80	6.05	3G8U	-131.763	3G8U	-4.21	-4.14	-9.28	-5.88	18	5.88808
3G99	347.38	-1380.34	17.50	8.00	5277.80	6228.30	-950.50	11506.10	7.10	3G99	-143.302	3G99	-4.01	-3.63	-9.02	-5.55	15	4.79803
3G9M	349.22	-1365.42	14.00	10.00	5410.80	6282.00	-871.20	11692.80	6.82	3G9M	-146.045	3G9M	-4.11	-3.70	-9.10	-5.63	17	5.64433
3GLF	831.27	-1228.82	14.50	3.00	18582.80	10487.80	8095.00	29070.60	6.74	3GLF	-146.020	3GLF	-9.85	-8.12	-18.03	-12.00	5	1.70531
3GLI	820.64	-1265.46	15.00	4.00	18421.30	10485.50	7935.80	28906.80	6.42	3GLI	-147.230	3GLI	-9.78	-8.00	-17.91	-11.90	9	3.01304
3GXQ	265.43	-860.42	10.50	8.00	5221.40	4276.80	944.60	9498.20	6.90	3GXQ	-92.559	3GXQ	-1.14	-0.76	-4.25	-2.05	15	5.02177
3H0D	1006.73	-2134.20	38.50	24.00	9990.20	9784.10	206.10	19774.30	7.65	3H0D	-342.900	3H0D	-7.72	-6.74	-16.18	-10.22	43	13.7117
3H15	170.27	-387.44	5.00	0.00	10685.00	972.70	9712.30	11657.70	5.47	3H15	-48.877	3H15	3.61	4.03	3.08	3.58	1	0.315755
3HXO	1083.25	-2222.56	30.50	33.00	9608.00	7663.30	1944.70	17271.30	9.22	3HXO	-276.610	3HXO	-4.22	-4.46	-10.97	-6.55	54	17.276
3HXQ	1107.75	-2251.79	37.50	26.00	9927.10	7748.50	2178.60	17675.60	9.22	3HXQ	-260.043	3HXQ	-4.23	-4.59	-10.99	-6.60	57	18.3884
3HZI	20.43	-273.20	3.00	0.00	18906.10	4887.90	14018.20	23794.00	4.82	3HZI	6.861	3HZI	-3.82	-3.44	-7.47	-4.91	3	0.966925
3I5X	1407.28	-2458.64	32.00	26.00	22172.10	2678.70	19493.40	24850.80	8.70	3I5X	-387.263	3I5X	8.52	8.31	7.23	8.02	37	12.5277
3IAG	848.89	-2223.55	27.50	19.00	22507.00	5901.00	16606.00	28408.00	6.48	3IAG	-225.008	3IAG	-0.89	-0.84	-5.35	-2.36	28	9.10763
3IV5	249.89	-1174.56	16.00	13.00	7469.80	9870.30	-2400.50	17340.10	9.70	3IV5	-105.325	3IV5	-19.70	-23.21	-31.70	-24.87	19	6.42474
3IWN	1112.92	-1893.57	13.50	16.00	5533.80	31366.30	-25832.50	36900.10	9.00	3IWN	-225.173	3IWN	0.56	-2.44	-3.66	-1.85	36	11.7675
3JR9	265.85	-1172.88	18.50	14.00	7493.40	9969.80	-2476.40	17463.20	9.70	3JR9	-116.971	3JR9	-19.62	-23.01	-31.61	-24.75	23	7.54379
3JRA	236.49	-1168.16	16.00	11.00	7554.50	9905.00	-2350.50	17459.50	8.10	3JRA	-98.977	3JRA	-19.94	-23.49	-32.11	-25.18	19	6.14214
3JRB	211.37	-1169.34	17.50	15.00	7729.00	10036.80	-2307.80	17765.80	9.30	3JRB	-110.296	3JRB	-20.22	-23.97	-32.55	-25.58	22	7.03664
3JRC	243.35	-1160.72	16.00	15.00	7483.40	9922.70	-2439.30	17406.10	6.85	3JRC	-116.758	3JRC	-19.65	-23.46	-31.69	-24.93	22	7.24843
3JRD	257.96	-1160.21	19.00	15.00	7667.90	10071.00	-2403.10	17738.90	9.00	3JRD	-110.461	3JRD	-20.34	-24.00	-32.66	-25.67	24	7.86408
3JRE	197.98	-1074.68	19.00	11.00	7818.60	10224.80	-2406.20	18043.40	9.30	3JRE	-96.884	3JRE	-20.74	-24.67	-33.14	-26.18	19	6.26945
3JRG	259.98	-1167.97	18.00	12.00	7569.70	9880.10	-2310.40	17449.80	8.70	3JRG	-104.296	3JRG	-19.74	-23.35	-31.74	-24.94	21	6.97492
3JRH	199.91	-1140.32	16.00	9.00	7522.60	9940.10	-2417.50	17462.70	7.40	3JRH	-96.838	3JRH	-19.89	-23.16	-31.97	-25.00	21	6.93091
3JRI	193.65	-1149.53	17.00	10.00	7606.40	9936.60	-2330.20	17543.00	7.48	3JRI	-103.930	3JRI	-20.00	-23.60	-32.04	-25.21	22	7.25014
3JSO	640.32	-1860.73	23.00	21.00	11426.80	8614.40	2812.40	20041.20	9.10	3JSO	-264.310	3JSO	-6.26	-5.37	-13.14	-8.25	26	8.7237
3JSP	600.26	-1858.57	23.00	19.00	11912.20	8510.80	3401.40	20423.00	8.80	3JSP	-241.465	3JSP	-6.42	-5.97	-13.29	-8.56	32	10.5203
3K0J	1208.92	-2624.47	21.00	21.00	5583.10	27983.90	-22400.80	33567.00	8.06	3K0J	-280.254	3K0J	-73.75	-113.68	-113.85	-100.43	46	15.0424
3K4E	1708.24	-2643.37	21.50	31.00	17604.20	9955.20	7649.00	27559.40	8.52	3K4E	-349.126	3K4E	1.77	-2.07	-3.10	-1.13	62	19.4592
3K62	1446.84	-2225.07	23.00	24.00	19846.30	2784.80	17061.50	22631.10	6.90	3K62	-291.845	3K62	8.33	7.61	7.08	7.68	53	16.9666
3K64	1406.68	-2233.22	23.00	25.00	19921.10	2793.40	17127.70	22714.50	7.28	3K64	-292.332	3K64	8.37	7.63	7.08	7.69	52	16.6153
3KJO	1847.17	-2259.30	30.00	20.00	14842.90	2639.60	12203.30	17482.50	8.20	3KJO	-277.760	3KJO	8.02	8.11	6.27	7.47	44	14.2051
3KJP	1903.26	-2366.63	30.50	23.00	15013.60	2878.20	12135.40	17891.80	8.20	3KJP	-292.387	3KJP	8.20	8.35	6.26	7.60	42	13.7049
3KMP	219.29	-1268.18	8.00	7.00	8396.70	5839.40	2557.30	14236.10	6.95	3KMP	-94.703	3KMP	-4.58	-4.70	-9.33	-6.20	8	2.6553
3L25	390.13	-986.58	12.00	3.00	6980.40	3155.00	3825.40	10135.40	6.30	3L25	-98.038	3L25	0.35	-1.63	-2.31	-1.20	4	1.3207
3LNQ	537.93	-1662.27	29.00	18.00	4649.70	5355.20	-705.50	10004.90	6.56	3LNQ	-196.494	3LNQ	-1.20	-0.19	-5.54	-2.31	30	9.67305
3LSP	546.86	-1582.29	0.00	5.00	10860.90	5572.60	5288.30	16433.50	5.66	3LSP	-221.479	3LSP	6.83	46.12	5.71	19.55	25	8.30939
3LZI	1336.24	-3842.30	46.50	17.00	42267.80	6285.30	35982.50	48553.10	4.54	3LZI	-386.924	3LZI	2.19	2.37	-2.35	0.73	45	14.358
3LZJ	1369.30	-3792.92	49.50	22.00	42290.60	6220.30	36070.30	48510.90	4.54	3LZJ	-415.477	3LZJ	2.06	2.53	-2.53	0.69	46	14.7198
3MOJ	781.04	-1773.59	19.50	18.00	4669.50	13402.60	-8733.10	18072.10	10.27	3MOJ	-209.682	3MOJ	-3.66	-8.46	-9.14	-7.09	27	8.75133
3N1I	675.70	-1152.97	18.50	7.00	10360.20	2517.10	7843.10	12877.30	8.48	3N1I	-181.553	3N1I	4.07	5.27	2.82	4.05	15	4.67409
3N1J	640.16	-1107.85	16.50	7.00	10106.00	2526.40	7579.60	12632.40	8.35	3N1J	-174.047	3N1J	3.84	5.03	2.55	3.80	13	4.17431
3N1K	600.01	-1162.98	14.00	8.00	10266.40	2474.50	7791.90	12740.90	8.24	3N1K	-164.366	3N1K	3.77	3.38	2.23	3.13	11	3.60102
3N1L	639.21	-1179.18	15.00	10.00	10356.20	2453.70	7902.50	12809.90	8.37	3N1L	-172.934	3N1L	3.87	3.48	2.34	3.23	17	5.38964
3NAE	1333.74	-4082.16	51.00	26.00	42482.20	6123.30	36358.90	48605.50	3.12	3NAE	-455.362	3NAE	3.08	3.71	-1.40	1.80	46	14.9801
3NCI	1729.85	-4634.99	60.00	27.00	41953.20	6260.70	35692.50	48213.90	4.15	3NCI	-556.891	3NCI	4.58	4.99	-0.08	3.16	45	14.7665
3NCU	142.82	-795.79	6.50	6.00	7105.60	4348.20	2757.40	11453.80	7.53	3NCU	-60.864	3NCU	-2.72	-5.76	-6.45	-4.98	8	2.47659
3NDK	1689.08	-4537.56	66.00	27.00	42187.00	6259.60	35927.40	48446.60	3.00	3NDK	-546.400	3NDK	4.34	4.68	-0.30	2.91	46	15.1172
3NE6	1699.21	-4539.01	61.00	29.00	42157.10	6278.70	35878.40	48435.80	4.92	3NE6	-560.331	3NE6	4.21	4.66	-0.42	2.82	47	15.4562
3NGI	1658.98	-4503.51	61.50	29.00	42284.20	6274.00	36010.20	48558.20	3.00	3NGI	-552.017	3NGI	4.27	4.60	-0.40	2.82	51	16.5316
3NHG	1679.74	-4537.58	57.50	26.00	42399.30	6250.60	36148.70	48649.90	2.94	3NHG	-543.213	3NHG	4.21	4.31	-0.45	2.69	55	17.9188
3NMR	651.76	-842.21	7.50	8.00	10643.30	1614.90	9028.40	12258.20	6.19	3NMR	-121.806	3NMR	4.65	4.09	3.71	4.15	19	6.32521
3O9X	391.27	-1893.95	16.50	14.00	8330.60	9744.70	-1414.10	18075.30	9.10	3O9X	-181.949	3O9X	-10.54	-9.31	-18.99	-12.95	21	6.97464
3ODH	972.93	-2615.44	31.00	18.00	9855.70	9899.00	-43.30	19754.70	7.89	3ODH	-347.040	3ODH	-5.22	-4.72	-12.64	-7.52	31	10.3097
3OGU	348.64	-1317.04	17.50	9.00	17508.80	2577.70	14931.10	20086.50	8.02	3OGU	-112.120	3OGU	2.39	3.16	0.48	2.01	19	6.16108
3OQN	835.53	-1969.60	29.00	17.00	16572.00	6123.80	10448.20	22695.80	8.52	3OQN	-260.595	3OQN	-1.68	-1.35	-6.73	-3.25	34	11.0253
3OSF	746.36	-2363.85	29.00	20.00	7191.60	9954.20	-2762.60	17145.80	6.96	3OSF	-292.909	3OSF	-7.46	-6.99	-15.39	-9.95	30	9.97863
3PF5	227.03	-212.58	3.50	3.00	4549.70	1891.00	2658.70	6440.70	6.47	3PF5	-30.072	3PF5	2.48	2.71	1.49	2.23	3	0.966993
3PIH	269.04	-1477.24	14.50	11.00	38847.90	7397.40	31450.50	46245.30	8.72	3PIH	-115.292	3PIH	-9.18	-11.02	-16.44	-12.21	20	6.56537
3PVP	743.48	-1942.08	36.00	20.00	5820.00	10020.40	-4200.40	15840.40	7.44	3PVP	-258.878	3PVP	-8.32	-7.35	-16.59	-10.75	24	7.9999
3PVV	719.31	-1916.64	32.50	17.00	5822.80	10089.20	-4266.40	15912.00	7.44	3PVV	-252.165	3PVV	-8.53	-7.66	-16.82	-11.00	21	6.98765
3Q05	200.16	-1354.50	14.50	8.00	14626.40	9757.80	4868.60	24384.20	8.11	3Q05	-85.581	3Q05	-12.58	-11.90	-21.17	-15.22	11	3.60324
3Q0B	351.61	-740.14	12.00	5.00	7884.70	2447.40	5437.30	10332.10	5.97	3Q0B	-97.542	3Q0B	2.75	3.25	1.35	2.45	14	4.66634
3Q0D	1448.80	-2954.09	30.00	11.00	7658.30	4354.80	3303.50	12013.10	5.30	3Q0D	-398.811	3Q0D	4.39	22.13	0.53	9.02	45	15.0326
3Q0F	827.48	-1749.79	22.00	8.00	8019.70	4389.10	3630.60	12408.80	5.06	3Q0F	-203.920	3Q0F	1.78	2.45	-1.36	0.96	26	8.81283
3Q0L	1593.45	-2352.91	25.50	32.00	16669.00	5472.80	11196.20	22141.80	9.04	3Q0L	-302.229	3Q0L	6.53	4.43	4.11	5.02	75	23.357
3Q0M	1628.10	-2450.56	26.00	31.00	16852.80	5489.30	11363.50	22342.10	9.20	3Q0M	-286.834	3Q0M	6.71	4.52	4.24	5.16	93	29.118
3Q0P	1604.72	-2264.93	30.00	30.00	16680.40	5335.40	11345.00	22015.80	9.40	3Q0P	-253.130	3Q0P	6.07	4.12	3.66	4.62	86	27.1105
3Q0S	1445.65	-2194.95	23.00	27.00	17009.00	2592.70	14416.30	19601.70	7.96	3Q0S	-244.124	3Q0S	8.47	7.70	7.27	7.81	79	24.8908
3QG9	1530.70	-2273.62	26.50	28.00	19783.80	2795.80	16988.00	22579.60	7.74	3QG9	-284.343	3QG9	8.56	7.72	7.36	7.88	58	18.8568
3QGB	1564.49	-2264.83	21.50	32.00	19635.10	2808.60	16826.50	22443.70	8.46	3QGB	-309.012	3QGB	8.47	7.69	7.17	7.78	55	17.7265
3QGC	1572.91	-2287.86	23.00	28.00	19733.10	2806.90	16926.20	22540.00	8.06	3QGC	-283.552	3QGC	8.66	8.04	7.39	8.03	50	16.1645
3QI5	945.05	-1932.43	25.50	11.00	10019.30	9900.80	118.50	19920.10	7.68	3QI5	-229.720	3QI5	-7.83	-6.60	-15.73	-10.05	19	6.06656
3R8F	182.98	-585.13	8.50	3.00	18656.00	3311.40	15344.60	21967.40	6.96	3R8F	-67.523	3R8F	0.69	0.06	-1.42	-0.22	8	2.66799
3R9W	1813.45	-2613.69	26.00	28.00	14695.60	8209.70	6485.90	22905.30	7.90	3R9W	-457.150	3R9W	-4.18	-11.16	-11.92	-9.09	47	15.4128
3RER	458.28	-521.84	7.00	4.00	4133.30	2373.50	1759.80	6506.80	7.78	3RER	-112.442	3RER	2.59	1.91	1.20	1.90	5	1.51755
3SQ2	1300.07	-3496.13	52.00	20.00	41716.40	5759.20	35957.20	47475.60	4.82	3SQ2	-417.012	3SQ2	2.67	3.82	-1.67	1.61	38	12.2485
3SQ4	1096.64	-3400.40	40.00	15.00	42219.10	5763.00	36456.10	47982.10	4.52	3SQ4	-355.748	3SQ4	1.90	2.19	-2.47	0.54	31	10.0496
3SUN	1324.90	-3457.71	45.50	22.00	41018.90	5764.20	35254.70	46783.10	5.04	3SUN	-408.200	3SUN	2.76	4.15	-1.59	1.77	44	14.1688
3SUO	1097.04	-3386.30	41.50	14.00	41766.10	5714.70	36051.40	47480.80	4.82	3SUO	-352.722	3SUO	1.80	2.10	-2.58	0.44	31	10.034
3SUP	1136.46	-3393.99	45.50	16.00	42401.70	5730.60	36671.10	48132.30	3.50	3SUP	-367.494	3SUP	1.85	2.21	-2.50	0.52	32	10.3635
3SUQ	1237.58	-3448.19	51.00	17.00	41450.80	5670.60	35780.20	47121.40	4.61	3SUQ	-410.645	3SUQ	2.37	3.60	-1.99	1.33	35	11.0614
3SZQ	333.64	-1006.31	11.50	7.00	10488.60	2848.60	7640.00	13337.20	6.72	3SZQ	-104.563	3SZQ	1.63	2.06	-0.46	1.08	15	4.84501
3U7F	356.10	-1044.08	11.50	2.00	18507.70	766.00	17741.70	19273.70	6.22	3U7F	-100.706	3U7F	4.82	5.13	4.47	4.81	53	17.8479
3UBY	983.55	-1628.03	22.50	11.00	9918.20	3721.40	6196.80	13639.60	7.68	3UBY	-247.607	3UBY	3.54	4.19	1.10	2.94	20	6.35882
6GAT	415.76	-2909.86	43.00	7.00	6396.60	5218.50	1178.10	11615.10	4.70	6GAT	-139.573	6GAT	-1.28	-1.12	-5.41	-2.60	189	65.6007
6MHT	807.88	-2461.04	22.50	16.00	16381.40	5040.50	11340.90	21421.90	7.68	6MHT	-249.401	6MHT	2.45	2.22	-0.69	1.33	21	6.8894
7GAT	427.51	-3238.82	39.50	9.00	6688.40	5265.30	1423.10	11953.70	5.51	7GAT	-163.975	7GAT	-1.24	-0.92	-5.37	-2.51	164	56.6094
