1a22	2460.45	-3608.39	14.5	18	9921.3	10655.9	55	16.532	-3.63	76.39	647.8	10070.8	1a22	Protein-Protein	2.6	Kd	9.47
1abt	1372.2	-933.574	6.5	10	4806.5	1203.4	39	11.7927	3.94	30.35	421.8	4202.8	1abt	Protein-Ligand	NMR	Kd	5.853872
1acb	1780.42	-1907.78	4.5	6	10665	4239.3	48	14.9061	0.11	109.98	422.6	14092	1acb	Protein-Protein	2	Kd	9.7
1an1	1725.01	-1643.63	10	8	9479.7	2928.5	45	13.259	-1.07	98.29	502.2	12976.5	1an1	Protein-Protein	2.03	Ki	9.05
1atn	1747.71	-2354.97	9.5	8	17115.6	10481.4	48	14.4824	0.68	143.04	326.2	21079	1atn	Protein-Protein	2.8	Kd	9.35
1avp	1759.2	-1268.83	12	14	9988.3	1756.4	45	14.1449	2.93	88.02	717.1	11715.4	1avp	Protein-Ligand	2.6	Kd	7.92
1avx	1736.74	-2558.67	13.5	9	9413.9	8746.2	49	15.1398	-0.09	97.69	382.1	13042.5	1avx	Protein-Protein	1.9	Kd	13.22
1axi	1945.8	-3137.42	14	10	9667.3	10950.3	51	15.1049	-0.96	78.59	518.4	9801	1axi	Protein-Protein	2.1	Kd	7.85
1ay7	1248.83	-1601.39	8.5	11	5580.2	4956.5	35	10.7587	-3.34	36.25	397	5597.8	1ay7	Protein-Protein	1.7	Kd	6
1aze	869.096	-602.975	8	6	3898	1815.1	30	9.0515	-0.53	10.88	296.3	3144.2	1aze	Protein-Ligand	NMR	Kd	4.22
1azg	889.182	-564.82	0.5	1	1641.7	4029.3	19	5.61576	1.7	5.01	45.1	784	1azg	Protein-Ligand	NMR	Kd	4.79588
1bjr	1915.69	-759.296	6.5	7	10277.1	1031.1	147	48.3032	-0.85	88.67	401.8	16791.9	1bjr	Protein-Ligand	2.44	Ki	7.68
1buh	1157.25	-1828.23	6.5	6	14404.9	4814.7	26	7.74883	1.43	135.57	250.2	15808.1	1buh	Protein-Protein	2.6	Kd	7.11
1bvn	2199.73	-3088.36	7	8	18182.4	4371.4	40	12.3446	1.29	189.75	438.1	28908.2	1bvn	Protein-Protein	2.5	Ki	11.05
1bxl	1726.44	-1388.77	4.5	1	12134.7	2021.5	37	10.7766	-1.01	56.47	46.2	10433.7	1bxl	Protein-Ligand	NMR	Kd	6.468521
1c9p	1432.47	-1668.45	10	6	9490	3688	42	12.7368	-0.3	98.29	282.6	12976.5	1c9p	Protein-Protein	2.8	Ki	9
1cka	1348.59	-705.169	11	5	4012.4	1344.3	38	10.9492	-0.57	11.16	286.1	3185.7	1cka	Protein-Ligand	1.5	Kd	5.72
1ckb	1061.18	-623.955	7.5	5	3988.4	1117.5	30	8.91918	1.67	11.16	234.1	3185.7	1ckb	Protein-Ligand	1.9	Kd	5.28
1clv	1914.8	-2381.58	9	9	16836.5	2379.4	47	14.0034	-4.59	161.41	496.8	27869.6	1clv	Protein-Protein	2	Kd	9
1cwb	1146	-1020.01	6.5	4	7620.1	1261.2	29	8.42595	1.02	55.33	158.6	9647.6	1cwb	Protein-Ligand	2.2	Ki	7.886056
1cwc	1216.52	-1027.54	6	4	7610.6	1248.1	29	8.56187	1.02	55.33	158.6	9647.6	1cwc	Protein-Ligand	1.86	IC50	7.8
1cyn	1202.52	-1043.14	5.5	4	8662	1232.2	26	7.66261	1.02	52.31	158.6	10183.8	1cyn	Protein-Ligand	1.85	Ki	7.68
1czq	715.792	-478.541	0.5	0	4839.9	1649	10	2.72217	0	11.18	0	2358.5	1czq	Protein-Ligand	1.5	IC50	4.537602
1d4t	2018.89	-1285.55	10.5	6	6543.8	1712.2	31	9.10404	-0.29	44.27	312.2	5900.2	1d4t	Protein-Ligand	1.1	Kd	6.187087
1d6r	1097.28	-1602.67	10	8	9160.8	4317	24	7.55061	-0.72	93.57	439.7	13137.3	1d6r	Protein-Protein	2.3	Kd	9.89
1ddm	1151.98	-1015.62	3.5	5	8743	1599.3	22	6.49285	1.26	43.74	289.7	7630.9	1ddm	Protein-Ligand	NMR	Kd	5.77
1dfj	1385.68	-3371.63	6.5	10	7053.5	19311.7	26	7.99672	-6.42	28.74	516.5	7215.3	1dfj	Protein-Protein	2.5	Ki	13.23
1dhk	2828.86	-4497.01	13.5	12	18241.1	9186.5	58	17.5169	-3.23	190.38	597.3	28825.8	1dhk	Protein-Protein	1.85	Ki	10.46
1djs	2472.26	-3136.01	18.5	14	12872.8	6974.3	64	19.4961	-0.91	72.56	618.5	11444.8	1djs	Protein-Protein	2.4	Kd	7.39
1dp5	2748.73	-2873.88	13	7	14400.9	3127.3	41	12.3162	0.71	138.06	430.7	19073.6	1dp5	Protein-Protein	2.2	Ki	9.05
1dpj	2799.22	-2883.55	16.5	8	14529.7	2926.6	36	10.7728	2.45	138.06	404.1	19073.6	1dpj	Protein-Protein	1.8	Ki	8.522879
1dpu	813.091	-750.179	11	9	4308.8	2075.7	26	8.07063	-1.79	19.22	314	3961.5	1dpu	Protein-Ligand	NMR	Kd	6
1e96	959.298	-1707.99	10	8	9300.9	10104.5	28	8.43056	0.77	81.05	304.4	9892.4	1e96	Protein-Protein	2.4	Kd	5.57
1ees	4778.27	-3558.98	24	28	11784.8	5980.2	215	67.671	8.88	75.46	1089.2	9913.6	1ees	Protein-Protein	NMR	Kd	7.7
1ej4	1368.71	-1231.64	10	8	9490.8	1787	23	7.31132	0.92	66.36	276.5	10025.9	1ej4	Protein-Ligand	2.25	Kd	7.3
1eja	1553.42	-1814.41	12.5	9	9569.9	4071	51	15.4982	-0.66	97.69	483.6	13042.5	1eja	Protein-Protein	2.7	Ki	9
1emv	1556.07	-1721.39	14	7	5410.4	7600.5	34	10.0662	1.44	22.23	357.8	4804.1	1emv	Protein-Protein	1.7	Kd	13.62
1eoj	2761.82	-2167.44	22.5	6	12643.4	2376.7	40	11.7888	-1.78	95.21	265.8	13458.3	1eoj	Protein-Ligand	2.1	Ki	13.77
1eol	2722.77	-2139.2	21	6	12625.1	2424.2	47	13.7746	-1.78	95.21	265.8	13458.3	1eol	Protein-Ligand	2.1	Ki	13.42
1es0	6837.67	-6776.83	27	32	11586.2	12376.3	162	48.7878	-3.62	79.33	1426	10242.6	1es0	Protein-Protein	2.6	IC50	7.1
1f34	2511.03	-3832.04	23.5	7	13742	9044	50	15.1486	-0.27	158.48	458.6	19362.4	1f34	Protein-Protein	2.45	Kd	10
1f3v	1256.45	-2062.79	12.5	5	8344.8	9323.4	26	7.85101	0.47	56.64	151.2	8753	1f3v	Protein-Protein	2	Kd	5.11
1f47	1254.42	-1019.2	4	1	8499.5	1906.7	29	8.43593	-0.99	53.14	47.8	8156.8	1f47	Protein-Ligand	1.95	Kd	4.665546
1f5r	1289.45	-1423.15	11	9	9455.8	3941.1	33	10.1032	-0.94	89.01	482.2	12391.1	1f5r	Protein-Protein	1.65	Ki	4.19
1f7z	1234.16	-1344.05	11	8	9198	3849.5	27	8.24984	-1.07	95.08	422.9	12215	1f7z	Protein-Protein	1.55	Ki	4.91
1fc2	1342.48	-1465.06	5	3	3402.8	12502.6	28	8.07386	-1.04	10.39	185.8	2519	1fc2	Protein-Protein	2.8	Kd	7.65
1ff1	1110.83	-708.979	4	1	5535.5	937.2	44	13.1584	-0.77	43.7	61	5212.9	1ff1	Protein-Ligand	NMR	Kd	4.920819
1fle	1803.26	-1779.35	14	10	10753.7	3577	41	12.2832	1.15	107.96	454.8	13394.3	1fle	Protein-Protein	1.9	Ki	8.22
1fmo	1897.89	-1922.46	16	15	16291.3	2367.6	55	17.1253	-2.99	127.55	485.5	18747	1fmo	Protein-Protein	2.2	Ki	8.64
1fy8	1313.62	-1423.33	12	9	9392.2	3844.2	35	10.7844	-0.94	90.42	482.2	12347.4	1fy8	Protein-Protein	1.7	Ki	5.05
1g0v	2734.56	-2776.18	14.5	7	14487	2936.4	41	12.1663	2.67	135.77	344.2	19092.8	1g0v	Protein-Protein	2	Ki	10
1g1e	1708.03	-1388.03	3.5	1	1941	6825.7	55	16.2614	-1.01	6.05	46.2	855.3	1g1e	Protein-Ligand	NMR	Kd	7.537602
1g5j	2542.3	-2168.66	7.5	2	11083.3	3383.1	75	22.2434	-1.01	55.69	46.2	10077.9	1g5j	Protein-Protein	NMR	Kd	9.221848
1g6v	1002.79	-1730.83	6.5	9	11485.4	6043.9	37	11.9462	4.12	87.75	505.8	14610.6	1g6v	Protein-Protein	3.5	Kd	7.14
1g9i	1483.8	-1642.61	17	12	9021.5	2104.7	58	17.4186	-1.33	93.57	554.5	13137.3	1g9i	Protein-Protein	2.2	Kd	6.920819
1gag	0	-4.95969	0	0	15636.1	1563.4	0	0	0	846.43	0	116895	1gag	Protein-Ligand	2.7	Ki	6.12
1gbq	1209.61	-737.073	14	2	4225.4	1882.9	40	11.7268	2.5	12.92	115	3191.4	1gbq	Protein-Ligand	NMR	Kd	2.46
1gl0	1825.96	-1887.21	15	7	2600.4	10475.8	50	14.9007	4.99	16.35	352.2	1869	1gl0	Protein-Protein	3	Ki	9.1
1gla	911.35	-1729.7	0.5	5	8443.2	18600.4	22	6.44398	-1.41	65.15	116.8	9005.2	1gla	Protein-Protein	2.6	Kd	6.74
1grn	1880.22	-2811.97	12.5	8	10538.7	10088	38	11.3543	-1.87	79.1	368.3	10576.4	1grn	Protein-Protein	2.1	Kd	6.41
1gua	1036.15	-1448.71	13	11	8959.3	5038.9	28	8.61209	-3.1	57.08	290.5	9422	1gua	Protein-Protein	2	Kd	7.4
1guw	1203.68	-873.848	5.5	5	2380.1	6828.8	33	9.93198	-0.44	-0.84	163.9	993.5	1guw	Protein-Ligand	NMR	Kd	5.721246
1h0t	3039.71	-2095.64	22	9	3988.1	4054.9	145	43.2992	-3.13	8.04	447.8	3263.4	1h0t	Protein-Protein	NMR	Kd	5.22
1h1v	1727.79	-3190.36	12.5	9	16197.2	17099.9	45	13.8438	-2.95	103.05	419.4	18798.7	1h1v	Protein-Protein	3	Kd	7.64
1h3h	1356.08	-830.983	10.5	2	4419.6	1563.2	45	13.3228	1.61	23.44	108.3	3393.4	1h3h	Protein-Ligand	NMR	Kd	6.657578
1h59	965.779	-943.315	6.5	1	3982.5	3545.4	21	6.17254	-0.77	28.51	61	3050	1h59	Protein-Protein	2.1	Kd	7.43
1h6e	1179.06	-999.835	3	6	12855.6	1379	34	10.1485	-1.77	94.88	262.4	12069.4	1h6e	Protein-Ligand	3.6	Kd	6.154902
1haa	1463.95	-1185.07	12	6	5443	1648.6	64	20.0027	3.72	30.35	270.8	4202.8	1haa	Protein-Ligand	NMR	IC50	8.69897
1he8	2033.53	-2407.6	14.5	4	34212	8228.5	151	51.2431	3.07	577.44	590.8	71033.4	1he8	Protein-Protein	3	Kd	5.6
1i3z	1881.14	-1338.95	10.5	9	6302.5	1657.3	47	14.0585	-2.29	45.55	400.1	5777.4	1i3z	Protein-Ligand	2.15	Kd	6.882729
1i4e	1747.93	-2172.01	14	9	16194.4	12770.1	45	14.1427	0.43	97.31	294.9	16456.3	1i4e	Protein-Protein	3	Kd	6.920819
1i5h	916.5	-648.744	5.5	0	4585.3	2197.9	21	5.92908	0	14.05	0	2883.5	1i5h	Protein-Ligand	NMR	Kd	4.275724
1i8h	341.148	-342.36	1	1	1665.7	3658.6	6	1.70288	-1.01	2.71	46.2	653.6	1i8h	Protein-Ligand	NMR	Kd	4.537602
1idg	796.728	-678.72	4.5	2	5743.5	2834.7	17	4.99673	-1.03	30.35	119.5	4202.8	1idg	Protein-Ligand	NMR	Kd	7.187087
1irs	1601.94	-1205.89	10	3	7165	1676.6	52	15.8451	-0.92	50.65	177.2	6286.9	1irs	Protein-Ligand	NMR	Kd	5.221849
1iwq	2886.15	-2188.18	21	6	8740.6	2246.9	69	20.7659	-2.95	31.69	265.4	7943	1iwq	Protein-Ligand	2	Kd	8.055517
1j19	1425.67	-1156.26	8.5	7	17276.7	2054.8	31	9.12884	2.35	105.14	288.8	17413	1j19	Protein-Ligand	2.4	Kd	7.785156
1j2j	1241.27	-1318.36	6.5	2	8537.9	3761.7	22	6.33232	3.59	64.67	102.5	9265.6	1j2j	Protein-Protein	1.6	Kd	5.85
1j4p	351.311	-549.959	5	5	10018.7	2136.3	12	3.78753	-3.22	53.29	224.4	8531.8	1j4p	Protein-Ligand	NMR	Kd	4.99
1j4q	335.729	-576.672	3.5	3	10053.4	1914.8	21	6.41103	-1.35	53.29	171.7	8531.8	1j4q	Protein-Ligand	NMR	Kd	6.44
1j7d	1521.48	-1716.28	5.5	3	8156.1	8624.7	42	12.349	-0.01	43.08	175.2	7939.3	1j7d	Protein-Protein	1.85	Kd	5.69897
1j7v	1401.03	-1882.93	11.5	7	12363	11618.3	32	9.77361	-3.23	51.54	273.2	8310.8	1j7v	Protein-Protein	2.9	Kd	10.46
1j7z	1375.74	-1248.93	8.5	9	1658.7	6143.4	31	9.5899	-0.46	-0.96	291.6	849	1j7z	Protein-Ligand	2.25	Kd	7.69897
1j80	1399.9	-1258.53	10	8	1705.9	6166.9	25	7.59943	-0.42	-0.96	219.9	849	1j80	Protein-Ligand	2.1	Kd	6.522879
1j81	1431.69	-1251.06	9	8	1706.8	6232	27	8.29754	-0.42	-0.96	219.9	849	1j81	Protein-Ligand	2.2	Kd	7.09691
1jbd	1706.27	-1138.93	9.5	8	5505	1713.2	73	23.7057	1.26	30.35	377.5	4202.8	1jbd	Protein-Ligand	NMR	IC50	6.920819
1jgn	1784.75	-1456.12	13	6	7012.8	2904.9	54	16.1667	0.66	39.25	337.2	5522.2	1jgn	Protein-Protein	NMR	Kd	6.455932
1jh4	2182.62	-1623.39	11.5	6	7618.3	3211.1	98	29.9855	-2.49	39.25	359	5522.2	1jh4	Protein-Protein	NMR	Kd	5.823909
1jiw	1962.19	-2724.6	14	13	18941	5989.2	61	18.3799	-0.86	157.46	701.7	28097.4	1jiw	Protein-Protein	1.74	Kd	11.4
1jm4	798.739	-625.119	7	7	1934.3	7630.4	62	19.1335	-0.75	-2.79	392.8	558.5	1jm4	Protein-Ligand	NMR	Kd	5
1jmq	1052.99	-608.735	8.5	3	3906	1421.6	42	12.8232	1.91	14.98	178	2615.7	1jmq	Protein-Ligand	NMR	Kd	4.4
1jsp	437.593	-473.464	7	2	2776.5	8099.9	16	4.64786	3.02	0.6	109.6	1089.1	1jsp	Protein-Protein	NMR	Kd	4.30103
1jtd	1837.34	-3168.61	4	5	11033.3	10404.7	41	12.4285	-2.62	93.3	224.5	14775.9	1jtd	Protein-Protein	2.3	Ki	10.57
1k3n	332.368	-521.996	6	1	10131.2	2205.3	8	2.42006	-0.6	53.29	66	8531.8	1k3n	Protein-Ligand	NMR	Kd	4.9914
1k3q	443.932	-533.981	5	3	10482.8	2090.6	15	4.62061	-2.62	53.29	158.4	8531.8	1k3q	Protein-Ligand	NMR	Kd	6.522879
1ka7	1518.6	-1142.22	6.5	3	7231.8	2094.1	15	4.50514	0.39	43.2	163.1	6091.4	1ka7	Protein-Ligand	NMR	Kd	6.22
1kac	1241.93	-1845.69	8	7	8739.3	6889.8	25	7.64226	-1.27	90.25	261.6	10764.1	1kac	Protein-Protein	2.6	Kd	7.83
1kbh	3403.12	-2656.9	15.5	20	4122.7	4973.2	95	28.5787	-4.76	11.62	601	2670.6	1kbh	Protein-Protein	NMR	Kd	7.468521
1kna	1276.22	-774.784	11.5	9	4028.9	1073.7	32	9.56092	1.07	10.88	401.1	2880.1	1kna	Protein-Ligand	2.1	Kd	5.15
1kne	1286.22	-762.447	9.5	5	4040.8	1089.2	34	9.97577	0.13	10.88	279.7	2880.1	1kne	Protein-Ligand	2.4	Kd	5.6
1ktz	978.325	-1055.06	5	8	5945.6	6171.9	22	6.74852	-1.89	42.17	231	4603.3	1ktz	Protein-Protein	2.15	Kd	6.54
1kxp	2540.28	-4784.01	22.5	13	16035.3	24092	48	14.5557	-5.05	139.39	509.7	19773	1kxp	Protein-Protein	2.1	Kd	9
1l0a	2533.78	-1992.14	14	10	11759	2384	57	17.1109	2.87	78.09	554.6	10905.1	1l0a	Protein-Ligand	2.9	Kd	4.621602
1l2z	1033.75	-665.208	12	3	4400.4	1762	30	9.08552	2.57	24.62	167.9	3613.8	1l2z	Protein-Ligand	NMR	Kd	3.69
1l4d	1334.44	-1713.03	3.5	5	11159.8	7234.1	31	9.14171	1.8	111.94	194.2	14145.6	1l4d	Protein-Protein	2.3	Kd	6.71
1l4z	1302.6	-1614.47	2.5	3	11526.6	7808.6	21	6.32675	0.04	111.63	119.4	14087.4	1l4z	Protein-Protein	2.8	Kd	6.71
1l8c	3656.15	-3280.89	16.5	14	7848.2	5646.9	85	24.7368	-6.89	27.67	503.1	5251.2	1l8c	Protein-Protein	NMR	Kd	8.154902
1lcj	1001.52	-941.744	9	14	6132.7	1861.2	22	7.03039	-4.74	31.2	385.6	5986.7	1lcj	Protein-Ligand	1.8	Kd	9
1ldt	1683.57	-1699	9.5	7	9458	3535.4	40	11.8515	-0.3	97.69	361.9	13042.5	1ldt	Protein-Protein	1.9	Ki	8.74
1lp1	2122.85	-1580.26	3	3	4119	3712.6	26	7.77964	-1.65	14.11	183.9	3064.9	1lp1	Protein-Protein	2.3	Kd	5.7
1lw6	1685.59	-2119.24	9	7	10626.3	4309.1	49	14.4834	-0.32	101.57	411.7	16814.6	1lw6	Protein-Protein	1.5	Kd	11.7
1lx5	1195.57	-1682.55	5.5	4	7290.1	6494.7	16	4.94428	-1.01	53.52	46.2	5858.6	1lx5	Protein-Protein	3.3	Kd	8.92
1lxh	1423.71	-924.268	3	6	5926.6	2559.6	77	23.9703	-1.8	30.52	223.6	4005.3	1lxh	Protein-Ligand	NMR	Kd	7.187087
1lzw	1327.33	-1700.39	6.5	4	6235.4	8069.6	29	8.63643	-2.27	37.33	159.4	4965.9	1lzw	Protein-Protein	2.5	Kd	6.481486
1m10	1583.87	-3049.99	10	11	9585	13291.9	50	15.9721	-4.24	74.17	441.6	10957.5	1m10	Protein-Protein	3.1	Kd	8.24
1m1e	2244.19	-3041.74	15.5	16	23269.4	6022.3	82	24.8354	-6.46	222.89	690.4	28496.8	1m1e	Protein-Protein	2.1	Kd	9
1m5n	1133.91	-1973.64	11	4	24420.6	3358.6	35	10.8428	-0.49	202.54	225.6	26952.3	1m5n	Protein-Protein	2.9	Kd	8.677781
1mah	1886.17	-2475.21	16	14	20525.1	4188	53	16.384	3.06	251.53	477.7	30268.4	1mah	Protein-Protein	3.2	Kd	10.6
1mcv	1968.31	-2099.43	14.5	11	10863.2	2315.1	58	17.2001	-0.56	107.79	425.1	13389.3	1mcv	Protein-Protein	1.8	Ki	7.008774
1mik	1381.76	-1187.94	10.5	4	7691.9	1293.6	25	7.40509	1.02	55.33	158.6	9647.6	1mik	Protein-Ligand	1.76	IC50	6.35
1mv0	910.755	-971.812	3	5	1890.1	5281.7	30	9.44481	-1.05	6.1	197.2	787.2	1mv0	Protein-Ligand	NMR	Kd	4.030118
1mxl	749.185	-734.719	1.5	0	6641.8	2105.4	24	7.01127	0	25.26	0	5027.6	1mxl	Protein-Ligand	NMR	Kd	3.812479
1mzw	1060.88	-1062.29	9	1	8328	2423.5	13	3.82074	-0.64	70.54	55.8	10000.2	1mzw	Protein-Protein	2	Kd	5.71
1nlo	2002.73	-990.885	10	5	4053.8	1673.9	68	21.252	3.83	20.69	297.2	3257.3	1nlo	Protein-Ligand	NMR	Kd	5.47
1nlp	1489.07	-803.849	6.5	3	3988.6	1532.4	46	13.8531	2.61	20.69	178.1	3257.3	1nlp	Protein-Ligand	NMR	Kd	4.96
1ntv	1737.94	-1295.8	6	6	9068.9	1539.6	46	13.4297	-1.83	39.15	323.2	8530	1ntv	Protein-Ligand	1.5	Kd	5.82
1nw9	2560.34	-2633.86	6	7	5457.6	11788.3	40	12.1509	1.4	35.41	372.4	5229.5	1nw9	Protein-Protein	2.4	Ki	7.89
1o9a	2219.34	-1718.5	17.5	6	7349.3	3776.4	60	18.075	3.66	24.63	299	5478.9	1o9a	Protein-Protein	NMR	Kd	6
1oc0	1439.94	-1499.16	10	6	16500.3	3050.9	32	9.73477	-3.3	160.99	273.9	20475.1	1oc0	Protein-Protein	2.28	Kd	9
1oj5	856.238	-775.236	3.5	2	6378.6	1576.4	10	2.82729	-1.01	43.34	46.2	5968.2	1oj5	Protein-Ligand	2.21	Kd	6.09691
1om2	1053.48	-752.486	10	3	7831.1	1533.2	27	7.76743	-1.5	39.59	171.5	5280.6	1om2	Protein-Ligand	NMR	Kd	4.69897
1op9	1193.17	-1590.23	9	9	6093	6759.5	38	11.503	-1.19	39.79	431.8	7229.4	1op9	Protein-Protein	1.86	Kd	9.15
1oph	1429.14	-2076.25	7.5	10	16651.5	9321.8	33	9.99031	2.55	145.3	210.5	21022	1oph	Protein-Protein	2.3	Kd	8.3
1opi	941.192	-937.507	5	5	6621.8	2363.4	26	7.79252	-2.64	39.22	149.8	5785.2	1opi	Protein-Ligand	NMR	Kd	7.30103
1oqp	1908.34	-1387.65	10	3	5364.6	2542.5	42	12.0252	-1.28	6.8	111.6	4315.4	1oqp	Protein-Ligand	NMR	Kd	7.30103
1otr	1055.79	-1142.08	8.5	2	3944.3	4992.5	33	9.74134	0.63	13.74	119.4	2749.2	1otr	Protein-Protein	NMR	Kd	3.81
1oxg	1364.28	-925.766	4	5	10009.1	1555.4	41	13.2666	-0.12	109.98	373.7	14092	1oxg	Protein-Ligand	2.2	Ki	10.56864
1oyh	1731.97	-2441.07	15	8	18219.1	17199.9	27	8.40629	-0.45	151.26	403.6	23199.7	1oyh	Protein-Protein	2.62	Kd	7.376751
1ozs	752.66	-807.643	2	1	5864.5	3189.8	23	6.65675	-0.64	11.55	55.8	4145.3	1ozs	Protein-Protein	NMR	Kd	4.508638
1p4u	1382.29	-774.313	4.5	3	8303	1090.8	26	7.63739	-0.68	75.22	106	7976.5	1p4u	Protein-Ligand	2.2	Kd	5.30103
1p69	1096.89	-1770.79	9	8	8740.8	6885.3	24	7.35684	-1.31	89.49	333.3	10784.4	1p69	Protein-Protein	3.1	Kd	7.119186
1p6a	1393.56	-1925.69	8	8	8857.7	6872.1	30	9.20981	-0.31	91.25	321.2	10752	1p6a	Protein-Protein	2.9	Kd	7.455932
1p9d	1485.39	-1482.6	8	4	3268.3	4940.4	65	19.6432	0.37	12.18	169.1	1901.2	1p9d	Protein-Protein	NMR	Kd	4.89
1pd7	2294.98	-1557.84	5	1	7246.9	3060.2	32	9.07494	0.96	24.11	59.6	4782.3	1pd7	Protein-Protein	NMR	Kd	6.522879
1pdq	1778.09	-1013.35	13.5	9	4246.6	1437.5	46	13.4928	-2.52	14.87	407.8	2731.2	1pdq	Protein-Ligand	1.76	Kd	5.30103
1pjm	2247.63	-2363.01	11	16	2861.5	18750.2	87	26.1801	-6.58	0.11	349.6	1144.7	1pjm	Protein-Protein	2.5	Kd	6.744728
1pjn	2436.77	-2455.91	12.5	25	2956.2	18706.1	83	25.3281	-8.49	-9.72	573	1140.1	1pjn	Protein-Protein	2.5	Kd	7.657578
1pmx	924.355	-687.861	3.5	0	6002.3	1939.7	19	5.56207	0	26.5	0	4020.7	1pmx	Protein-Ligand	NMR	IC50	5.142667
1ppe	1824.42	-1892.09	13	9	9237.4	2499.9	43	12.9326	-1.11	93.57	494.6	13137.3	1ppe	Protein-Protein	2	Kd	11.52
1q0w	901.713	-924.568	0.5	3	2600.4	5067.7	36	10.7924	-0.33	1.67	114	1320.2	1q0w	Protein-Protein	NMR	Kd	3.55752
1q5w	815.36	-855.961	8	0	2371.6	5059	29	8.78747	0	16.14	0	1852.2	1q5w	Protein-Protein	NMR	Kd	3.9
1q68	832.204	-762.059	6	4	5117.1	3456.4	25	7.31909	3.08	4.86	110.8	2031.4	1q68	Protein-Protein	NMR	Kd	6.39794
1q69	501.599	-430.626	4	5	2890	3287.1	16	4.71918	3.08	-1.25	110.8	1008.5	1q69	Protein-Protein	NMR	Kd	6.045757
1qng	1212.31	-1056.74	6	4	7736.5	1235.4	43	12.6319	1.02	58.11	158.6	9913.7	1qng	Protein-Ligand	2.1	Kd	7.89
1qwe	1121.43	-742.285	8.5	4	4076.4	1842.8	43	12.9185	0.24	20.69	235.3	3257.3	1qwe	Protein-Ligand	NMR	Kd	5.92
1qwf	1704.92	-985.677	7	8	4115.5	1908.2	91	28.0684	2.1	20.69	298.6	3257.3	1qwf	Protein-Ligand	NMR	Kd	6.35
1r0r	1636.53	-1965.61	9	5	9983.5	3572.2	35	10.3993	-0.64	98.54	296.3	16438.2	1r0r	Protein-Protein	1.1	Kd	10.53
1r8u	3449.38	-2831.34	15.5	14	6049.4	8193.5	78	22.7645	4.94	24.01	543.9	2761.4	1r8u	Protein-Protein	NMR	Kd	7.89
1rgj	1994.24	-1509.24	13	15	4946.1	1611.8	154	47.9646	-1.65	30.35	284.5	4202.8	1rgj	Protein-Ligand	NMR	IC50	8.309804
1ri8	1032.23	-1678.6	8.5	10	6049	6454.5	30	9.14241	-0.94	36.29	368.9	7387.5	1ri8	Protein-Protein	1.85	Kd	8.54
1rjc	1202.29	-1856.49	8	10	6211.3	6522.7	37	11.1663	1.45	41.74	439.3	7383.1	1rjc	Protein-Protein	1.4	Kd	10.11
1rkc	2181.95	-2131.2	10.5	1	15444.1	2767.7	63	19.1543	-0.22	99.09	59.9	14248.4	1rkc	Protein-Protein	2.7	Kd	7.408936
1rke	2581.57	-3353.38	11.5	8	14569.9	9624.4	51	15.0405	0.86	99.61	391.2	14485.6	1rke	Protein-Protein	2.35	Kd	7.3
1ry7	3182.28	-3309.19	18.5	11	8712.7	12710.1	99	29.7581	-0.14	48.21	677.3	8652.8	1ry7	Protein-Protein	3.2	Kd	6.64
1s3k	4173.1	-4661.65	15.5	6	11508.5	10907.7	80	23.1449	-1.11	73.25	364.9	12633.1	1s3k	Protein-Ligand	1.9	Kd	6.62
1s5q	1297.16	-1220.62	2	2	1984.2	7435.3	19	5.34066	-1.01	6.05	46.2	855.3	1s5q	Protein-Ligand	NMR	Kd	5.283997
1sb0	1472.23	-1232.2	5	9	5989.4	2948	39	11.7558	-0.72	16.2	269	4763.8	1sb0	Protein-Protein	NMR	Kd	4.823909
1sfi	1382.12	-1404.31	15	8	9402.6	1441.7	42	12.5653	-1.67	93.57	409.6	13137.3	1sfi	Protein-Ligand	1.65	Ki	10
1shc	2124.33	-1515.63	8.5	7	12908.3	1872	104	31.5679	1.06	74.14	268	11160	1shc	Protein-Ligand	NMR	Kd	7.28
1shy	1419.3	-2785.44	8.5	15	11636.5	23644.7	47	14.4196	-5.33	102.83	637.1	12981.9	1shy	Protein-Protein	3.22	Kd	7.05
1smf	1103.98	-1098.87	10.5	12	9296	1049.8	38	11.6172	-0.94	93.57	482.2	13137.3	1smf	Protein-Protein	2.1	Ki	6.92
1sq0	1523.35	-3092.4	8	12	9658.7	12841.1	57	16.995	-1.81	73.25	442	10884.5	1sq0	Protein-Protein	2.6	Kd	7.52
1syq	2353.28	-1903.35	4.5	1	14929.2	2351	33	9.49857	1.23	99.22	53.4	14307.7	1syq	Protein-Protein	2.42	Kd	7.832683
1t01	2308.29	-1946.59	4	0	14676.2	2352.6	28	8.0453	0	98.32	0	14058.9	1t01	Protein-Protein	2.06	Kd	7.408936
1t0p	1017.93	-1519.08	5.5	11	8435	5372.9	31	9.70215	-2.38	72.28	551	9788.1	1t0p	Protein-Protein	1.66	Kd	4.6
1t44	3986.06	-4581.23	18.5	14	9524	16190.9	76	22.9087	-4.22	45.54	665.6	8248.9	1t44	Protein-Protein	2	Kd	6
1t5z	1234.81	-1006.04	12	3	12452.6	1449.5	29	8.5539	-1.43	129.92	167.6	13827.6	1t5z	Protein-Protein	2.3	Kd	4.48
1t63	1164.48	-1109.9	11.5	3	12689.9	1647.7	37	10.8385	-0.99	129.92	47.8	13827.6	1t63	Protein-Protein	2.07	Kd	4.82
1t6b	1402.95	-2426.44	9.5	9	32082.2	8331.8	37	11.7113	-2.93	187.24	283.5	38533.1	1t6b	Protein-Protein	2.5	Kd	9.4
1t79	1093.98	-828.804	7.5	4	12391.2	1012.9	21	6.18173	-2.49	129.92	219.3	13827.6	1t79	Protein-Ligand	1.8	Kd	6.04
1t7f	873.849	-710.367	6	0	12515.2	1026.2	17	4.91812	0	129.92	0	13827.6	1t7f	Protein-Ligand	1.6	Kd	5.74
1t7r	1218.54	-929.807	11.5	2	12585.9	1165.1	28	8.28046	-1.21	129.92	107.7	13827.6	1t7r	Protein-Ligand	1.4	Kd	5.96
1ta3	1673.26	-3292.52	9	6	11652.5	11451.7	38	11.2965	-0.27	104.69	299	15994.2	1ta3	Protein-Protein	1.7	Ki	8.05
1taw	1377.11	-1738.55	12	10	9084.7	3706.1	47	14.1274	-1.84	94.6	563.2	13135.8	1taw	Protein-Protein	1.8	Ki	10.7
1tba	2813.45	-3315.23	11.5	6	5507.5	10722.2	71	21.2673	1.39	18.7	273	3981.5	1tba	Protein-Protein	NMR	Kd	9
1tdq	1549.6	-2323.42	13.5	10	15608.8	7015.4	29	9.14139	-4.01	94.19	319.9	15554.6	1tdq	Protein-Protein	2.6	Kd	7.920819
1te1	1669.75	-2536.48	8	9	11917.9	8624.8	24	7.35276	0.19	104.69	317.1	15994.2	1te1	Protein-Protein	2.5	Ki	8.47
1tlh	1864.31	-1893.42	7	5	6402.1	7146.5	46	13.6094	-1.63	23.88	103.6	4966.3	1tlh	Protein-Protein	NMR	Kd	3.522879
1tm1	1784.66	-2283.72	13	8	10482.2	4359.4	54	15.9861	-1.28	101.57	352.1	16814.6	1tm1	Protein-Protein	1.7	Ki	11.52
1tm3	1831.88	-2297.38	14	7	10572.9	4258.2	47	13.8954	-1.28	101.57	352.1	16814.6	1tm3	Protein-Protein	1.57	Ki	10.72
1tm4	1635.3	-2121.75	10	6	10569.4	4240.7	42	12.4559	-0.64	101.57	296.3	16814.6	1tm4	Protein-Protein	1.7	Ki	9.89
1tm5	1721.46	-2205.64	9	6	10478.3	4235.4	46	13.6812	-0.64	101.57	296.3	16814.6	1tm5	Protein-Protein	1.45	Ki	10.77
1tm7	2035.02	-2424.11	12	7	10530.8	4406	54	16.0559	-0.64	101.57	375.6	16814.6	1tm7	Protein-Protein	1.59	Ki	11.48
1to1	1579.01	-2117.84	11	6	10508.9	4231.3	42	12.4618	-0.64	101.57	296.3	16814.6	1to1	Protein-Protein	1.68	Ki	9.34
1u0i	1169.85	-667.082	0.5	0	2327	2487.7	26	7.498	0	5.55	0	1101.6	1u0i	Protein-Protein	NMR	Kd	7.154902
1u0s	1610.28	-1678.59	7	4	6467	5493.1	41	12.6901	-0.21	42.29	223.3	6495	1u0s	Protein-Protein	1.9	Kd	6.64
1u5s	150.528	-548.339	3	2	5272.8	5047.1	11	3.61213	-1.37	24.74	127	3990.4	1u5s	Protein-Protein	NMR	Kd	2.52
1uel	1207.95	-1272.05	10.5	10	7418.5	5031	26	7.82826	-1.95	25.17	373.8	5216.9	1uel	Protein-Protein	NMR	Kd	5.47
1ugh	1736.26	-2572	11	11	10585.5	5015.1	44	13.0537	-2.68	90.51	540.7	12673.5	1ugh	Protein-Protein	1.9	IC50	10.92
1uj0	1016.63	-660.029	8.5	7	3752.8	1315.8	37	10.9874	0.37	18.7	230.1	3312.1	1uj0	Protein-Ligand	1.7	Kd	4.568636
1ukh	1256.81	-972.832	5	5	16233.5	1528.7	26	7.79432	0.6	143.71	154.5	17789	1ukh	Protein-Ligand	2.35	Kd	6.376751
1upk	1037.66	-641.332	3.5	2	16672.9	802.1	15	4.32476	-1.61	106.93	112.2	17079.6	1upk	Protein-Ligand	1.85	Kd	6.39794
1us7	971.81	-1713.28	12.5	4	10024.6	13279.9	22	6.40069	0.33	76.12	240.8	11629.2	1us7	Protein-Protein	2.3	Kd	5.47
1usu	737.718	-1925.68	7.5	9	13731.6	7484.3	26	8.39471	-3.83	84.74	338.4	13601.9	1usu	Protein-Protein	2.15	Kd	5.48
1uti	1424.28	-986.016	16.5	10	3873	2075.1	41	12.3887	-0.08	25.46	488.4	3221.7	1uti	Protein-Ligand	1.5	Kd	5.619789
1v18	3870.93	-3762.53	24.5	24	22520	5373.2	113	34.3122	-9.15	223.43	1050.3	28275	1v18	Protein-Protein	2.1	Kd	8
1vet	3132.77	-2799.17	19	9	6952.2	7175.5	65	19.3016	2.49	55.53	462	6806.2	1vet	Protein-Protein	1.9	Kd	7.89279
1veu	3320.57	-2976.18	16.5	13	6751.8	7580.4	56	16.7537	4.54	53.42	577.7	6597.2	1veu	Protein-Protein	2.15	Kd	7.89
1vg0	2400.32	-3772.06	16	19	22168.5	10344.1	72	21.7663	-0.23	208.02	607.9	27123.3	1vg0	Protein-Protein	2.2	Kd	8.3
1vrk	2510.34	-2424.75	12.5	10	9702.3	2324	48	14.1833	-2.55	28.32	420.5	8439	1vrk	Protein-Protein	1.9	Kd	8.167491
1vwf	891.495	-733.412	4	4	7624.3	1036.8	16	4.92227	-0.83	41.36	249.1	7269	1vwf	Protein-Ligand	1.92	Kd	6.51
1wa7	2272.81	-1337.34	19	10	4342.5	2836.5	130	39.4591	-1.05	19.81	306.9	3372.2	1wa7	Protein-Protein	NMR	Kd	5.018634
1wa8	4823.76	-3832.64	13.5	5	7881.8	7011.1	174	51.7576	-1.24	14.45	201.1	5796.8	1wa8	Protein-Protein	NMR	Kd	7.958607
1wlp	2002.64	-1618.26	6.5	6	3018.2	9036.9	57	16.6997	-1.75	2.23	279.3	1415.3	1wlp	Protein-Protein	NMR	Kd	6.19382
1wpx	3037.1	-4060.35	10	8	15991.6	10618.9	56	16.2094	-0.69	180.52	380	24356.2	1wpx	Protein-Protein	2.7	Ki	8.74
1wq1	2077.69	-3659.99	24	7	8629.9	16167.8	50	14.8112	-1.92	49.48	415.7	9380.7	1wq1	Protein-Protein	2.5	Kd	4.77
1wqj	1304	-1401.33	5	7	5886.8	4474.6	38	11.3751	4.61	42.38	366.1	4531	1wqj	Protein-Protein	1.6	Kd	6.06
1wr1	644.576	-905.284	1.5	4	4798.8	4280.2	26	7.56861	-0.68	20.74	185.3	4272.3	1wr1	Protein-Protein	NMR	Kd	4.83
1wrd	684.829	-1149.57	6	1	6392.2	4746.4	9	2.53305	-0.64	33.84	55.8	5403.5	1wrd	Protein-Protein	1.75	Kd	3.39
1x8s	1411.78	-1002.11	9.5	9	6150.3	1386.2	29	8.9753	-1.78	34.42	413.3	5567	1x8s	Protein-Ligand	2.5	Kd	5.09691
1xb7	1022.62	-753.64	5.5	1	11123	1112.1	10	2.90767	-0.99	105.56	47.8	11761	1xb7	Protein-Ligand	2.5	Kd	6.221849
1xdt	1856.69	-2315.28	14.5	12	25016.2	3268.1	37	11.4346	-3.58	167.9	537.9	29817.8	1xdt	Protein-Protein	2.65	Kd	8
1xg2	1512.27	-3262.62	10.5	15	13126.1	7884.4	44	13.6548	-4.52	122.37	716.5	18274.2	1xg2	Protein-Protein	1.9	Kd	8.3
1xj7	910.22	-835.402	9.5	2	13394.7	1286.2	32	9.3411	-1.01	131.53	46.2	14183.7	1xj7	Protein-Protein	2.7	Kd	4.41
1xr0	3608.91	-2423.58	18.5	12	2918.9	11241.3	140	42.7854	4.16	7.39	499.9	1201.2	1xr0	Protein-Protein	NMR	Kd	5
1xt9	3111.49	-3105.6	20.5	14	10702.8	5071.5	90	27.289	-0.1	87.16	551.1	11804.3	1xt9	Protein-Protein	2.2	Kd	6.7
1y1k	1666.32	-2221.42	12.5	8	10570.3	4354.1	46	13.73	-1.28	101.57	352.1	16814.6	1y1k	Protein-Protein	1.56	Ki	9.52
1y2a	1548.24	-1281.89	17.5	12	18805	1460.7	59	17.6546	1.34	192.71	602.8	23754.4	1y2a	Protein-Ligand	2.2	Kd	7.339135
1y33	1954.6	-2264.54	14.5	7	10629.8	4371.5	56	17.1471	-1.28	101.57	352.1	16814.6	1y33	Protein-Protein	1.8	Ki	8.77
1y34	1845.13	-2282.11	12.5	9	10507.8	4352.3	52	15.5977	-1.32	101.57	423.8	16814.6	1y34	Protein-Protein	1.55	Ki	9.28
1y3b	1718.03	-2206.3	12.5	6	10602.6	4274.1	45	13.3497	-0.64	101.57	296.3	16814.6	1y3b	Protein-Protein	1.8	Ki	9.51
1y3c	1851.95	-2256.21	12	8	10505.8	4308.8	57	16.912	-1.28	101.57	352.1	16814.6	1y3c	Protein-Protein	1.69	Ki	10.6
1y3d	1784	-2246.51	12	8	10571.7	4453.3	51	15.1842	-1.28	101.57	352.1	16814.6	1y3d	Protein-Protein	1.8	Ki	9.25
1y48	1905.03	-2354.18	12	11	10471.6	4262.2	60	18.0127	-1.32	101.57	423.8	16814.6	1y48	Protein-Protein	1.84	Ki	8.77
1y4a	1614.38	-2168.58	9	7	10234.8	4291.5	45	13.3199	-0.64	100.79	375.6	16458.8	1y4a	Protein-Protein	1.6	Ki	8.92
1y4d	1636.42	-2090.48	10.5	6	10415.6	4460.8	36	10.6002	-0.64	100.92	375.6	16518.1	1y4d	Protein-Protein	2	Ki	8.92
1y6k	1250.04	-1781.47	8.5	4	12103.8	11640.3	18	5.56615	-2.24	52.38	152.3	8032.8	1y6k	Protein-Protein	2.52	Kd	9
1y6m	1268.12	-1718.29	11	6	11892.8	11581.5	25	7.61655	-2.24	45.03	152.3	7846.5	1y6m	Protein-Protein	2.8	Kd	6.76
1y6n	1332.17	-1717.47	9.5	6	11779.4	11338.7	21	6.52751	-2.24	40.37	152.3	7567.6	1y6n	Protein-Protein	2.7	Kd	7.57
1y8n	822.588	-1411.45	5	3	19973.3	5917.9	20	5.77066	-1.03	147.84	119.5	20919.6	1y8n	Protein-Protein	2.6	Kd	5.93
1yc0	1435.5	-2036.07	14.5	12	11260.5	4802	55	16.6332	1.99	110.15	676.2	14342	1yc0	Protein-Protein	2.6	IC50	8.39794
1ycs	1210.61	-1892.39	14	8	9775.6	9808.6	37	11.1615	-1.56	67.36	314.9	10888	1ycs	Protein-Protein	2.2	Kd	7.52
1ydi	2875.33	-2379.9	2	3	15259.5	2595.4	36	10.3265	1.01	101.56	113.3	14118.4	1ydi	Protein-Protein	1.8	Kd	8.74958
1yrt	2625.63	-3383.09	19.5	21	17937.7	4996.7	79	23.6749	-3.37	90.39	633.9	20236.1	1yrt	Protein-Protein	2.1	Kd	9
1yru	2555.57	-3336.39	19	17	18149.2	5033.4	75	22.5382	-6.6	90.39	483.1	20236.1	1yru	Protein-Protein	2.5	Kd	9
1yvb	1896.64	-2164.2	10	3	11892.5	7343.2	27	7.98182	3.02	86.68	168.9	12096.4	1yvb	Protein-Protein	2.7	Ki	8.19
1yvh	1210.7	-1149.71	9	12	14916.4	1539.9	40	12.4489	0.6	130.07	478.9	16996.2	1yvh	Protein-Ligand	2.05	Kd	7.366531
1ywi	1011.08	-503.944	6.5	4	2612	1012.7	38	11.3931	3.17	3.87	183.8	1635.1	1ywi	Protein-Ligand	NMR	Kd	3.430626
1yx5	507.175	-821.37	2	1	10955.5	4929.3	11	3.35579	-0.04	25.66	71.7	6524.8	1yx5	Protein-Protein	NMR	Kd	3.46
1yx6	1231.62	-1170.59	9.5	0	11013.8	4878.4	36	10.6824	0	25.66	0	6524.8	1yx6	Protein-Protein	NMR	Kd	4.14
1yy6	1021.99	-756.147	6.5	6	7868.8	987.2	40	11.7917	-0.17	58.68	376.7	7786.1	1yy6	Protein-Ligand	1.7	Kd	6.065502
1z92	1546.68	-2096.36	16	10	7389.5	8509.2	58	18.4064	-4.01	57.87	420.4	6576.9	1z92	Protein-Protein	2.8	Kd	8
1zgu	765.405	-1456.29	1	4	7973	4795.5	14	4.33883	1.1	43.08	190.4	7860	1zgu	Protein-Protein	NMR	Kd	4.01
1zhi	1238.1	-1746.16	11.5	8	11855.5	8731.3	30	9.1198	-2.26	70.24	353.3	10917.7	1zhi	Protein-Protein	2.7	Kd	6.7
1zjd	1541.27	-2046.24	15	14	11702.3	4002.6	53	16.2118	-2.5	84.22	522.8	12500.7	1zjd	Protein-Protein	2.6	IC50	8.89
1zli	2179.96	-2823.45	14	9	12066.3	5030.1	47	13.9641	-2.79	122.18	410	17896.7	1zli	Protein-Protein	2.09	Ki	8.89
1zsg	846.342	-836.303	3.5	2	5029	2952.2	20	5.76505	-1.37	16.13	127	3784.3	1zsg	Protein-Protein	NMR	Kd	5.124939
1zub	1393.98	-819.013	4	7	7032.4	1097.9	64	19.9291	4.59	35.94	324.4	6136.7	1zub	Protein-Ligand	NMR	Kd	6.568636
1zv5	1345.7	-1778.75	10	11	6176.2	6115.1	28	8.73062	-5.55	42.18	441.9	7518.9	1zv5	Protein-Protein	2	Kd	8
1zvh	1287.61	-1571.17	10	6	5820.2	5845.1	52	15.5021	1.16	42.78	184	7373.6	1zvh	Protein-Protein	1.5	Kd	7.15
1zvy	1202.51	-1706.72	3	13	5865.4	6361.3	39	11.7504	-0.25	36.5	541.4	7375.7	1zvy	Protein-Protein	1.63	Kd	10
2a0t	549.056	-630.552	7	3	10488.4	1631.5	30	9.31713	-2.21	53.29	178.2	8531.8	2a0t	Protein-Ligand	NMR	Kd	4.823909
2a24	2039.7	-2653.64	15.5	24	6205.9	6307.6	83	25.6956	-0.73	43.69	697.1	6102.6	2a24	Protein-Protein	NMR	Kd	4.522879
2a25	1420.12	-908.557	11.5	3	8106.4	1254.9	26	7.40231	3.18	78.23	152.1	8260.3	2a25	Protein-Ligand	2.2	Kd	4.619789
2a3i	992	-817.325	5.5	1	12540.7	1516.1	20	5.85426	-0.99	118.48	47.8	14077.5	2a3i	Protein-Ligand	1.95	IC50	6.05
2a78	1862.09	-2342.59	9.5	8	8913.9	10231.5	48	14.3193	-1.04	40.79	306	9553	2a78	Protein-Protein	1.81	Kd	7.22
2a7u	1454.61	-1275.85	4	1	2410.7	6553.3	51	14.9074	-0.99	9.61	47.8	1212.1	2a7u	Protein-Protein	NMR	Kd	6.920819
2a9k	1836.52	-2288.05	10	9	9091.9	10453.6	42	12.6406	-1.08	40.79	377.7	9553	2a9k	Protein-Protein	1.73	Kd	7.22
2aq2	1123.56	-1855.21	6	3	5691.9	11854	35	10.1047	-1.33	34.48	173.3	6547.7	2aq2	Protein-Protein	1.8	Kd	7.96
2aq9	297.261	-644.015	4.5	4	11623.8	1340	13	3.92105	-1.1	100.61	165.4	15043.8	2aq9	Protein-Ligand	1.8	Ki	7.30103
2arp	1772.41	-2352.48	13.5	8	7707.8	10461.4	40	11.8771	-0.1	49.18	380.1	6055.8	2arp	Protein-Protein	2	Kd	6.37
2asu	589.891	-346.849	4.5	5	651.5	10273.7	16	5.08018	0.53	-0.46	180.9	228.7	2asu	Protein-Ligand	1.85	Kd	9
2axi	1992.16	-1265.44	4	3	6136.4	1312.7	33	9.35281	0.71	38.26	172.2	5044	2axi	Protein-Ligand	1.4	IC50	6.85
2b0z	464.075	-1330.39	6	0	13882.2	6635.7	5	1.37815	0	87.11	0	16904.9	2b0z	Protein-Protein	2.7	Kd	4
2b12	459.142	-1277.29	7.5	0	13847.6	6552.2	7	2.01168	0	87.11	0	16904.9	2b12	Protein-Protein	3.02	Kd	4.7
2b42	2166.24	-3647.42	9	12	16044.9	8011.9	53	15.9636	-2.88	178.79	474.2	20975.9	2b42	Protein-Protein	2.5	Kd	8.97
2b7c	3167.56	-4060.44	22.5	15	21115	5636.2	68	20.473	-5.53	145.4	577	24696.7	2b7c	Protein-Protein	1.8	Kd	6.4
2b87	2396.52	-1962.55	14.5	14	3981.8	4002.3	140	42.5963	-4.7	15.92	394.3	3266.3	2b87	Protein-Protein	NMR	Kd	7
2bba	1637.97	-1400.35	10.5	4	9904.4	1527.9	26	7.56209	-0.42	71.02	187	10376	2bba	Protein-Ligand	1.65	Kd	7.154902
2btf	1818.17	-2797.63	12	10	17124.7	6982.4	46	13.9504	-1.1	148.82	377.2	21185.6	2btf	Protein-Protein	2.55	Kd	5.64
2c0l	1890.59	-2342.51	18	10	13512.3	7014.6	40	11.9556	-2.62	116.8	444.1	16475.1	2c0l	Protein-Protein	2.3	Kd	6.96
2c1m	3987.59	-3889.07	35.5	28	19037.3	6022.2	121	36.9406	-3.25	193.93	1015.9	23801.9	2c1m	Protein-Protein	2.2	Kd	8.96
2c7m	1438.64	-1329.82	4.5	3	5294.8	4494	23	6.55871	-0.86	12.77	115.7	3315.1	2c7m	Protein-Protein	2.4	Kd	5.19
2cpk	1806.63	-1861.4	13	11	15069.9	2318.5	42	12.5028	-3.31	128.27	328.9	18547.8	2cpk	Protein-Protein	2.7	Ki	8.638272
2den	1372.9	-1288.83	8.5	9	3468.9	4818.5	30	9.34226	-0.97	17.91	353.7	2674.6	2den	Protein-Protein	NMR	Kd	4.77
2djy	1441.82	-1030.56	12	3	3306.8	2577.7	67	20.0383	-0.62	12.86	165	2457.7	2djy	Protein-Protein	NMR	Kd	4.39794
2dsp	1790.02	-1713.97	10	10	6583.7	4387.5	55	16.6047	3.66	45.72	428.2	5154.7	2dsp	Protein-Protein	2.5	Kd	5.522879
2dx5	983.525	-1092.95	3	3	6748.7	4441.3	21	6.26029	-0.64	35.69	55.8	5455	2dx5	Protein-Protein	3.35	Kd	3.481486
2ez5	1059.39	-659.73	4	2	3794.7	1479.8	33	9.7602	-0.82	12.59	125.9	2663.7	2ez5	Protein-Ligand	NMR	Kd	5.522879
2f31	1747.36	-1520.72	5	2	11974.8	2134.7	28	8.24518	-0.82	95.47	125.9	12570.8	2f31	Protein-Protein	2.1	Kd	6.9914
2f4m	1596.71	-1947.11	5	2	16067.8	4201.9	22	6.30845	-1.61	99.27	112.2	16340.5	2f4m	Protein-Protein	1.85	Kd	7.19
2fci	897.523	-849.5	9.5	8	1990.4	6664.8	47	14.35	-1.32	0.37	183.3	573.3	2fci	Protein-Ligand	NMR	Kd	7.154902
2few	1162.51	-1748.21	5.5	4	7454.4	6427.8	40	12.0312	0.73	47.57	210.7	8044.6	2few	Protein-Protein	NMR	Kd	2.43
2fju	1241.29	-1876.25	3.5	6	9411.7	30022.8	31	9.14195	-0.63	78.1	301.1	9853.8	2fju	Protein-Protein	2.2	Kd	5.28
2flu	956.73	-1214.08	4	13	11991.8	2012.2	44	13.338	-4.01	110.58	551.3	16641.5	2flu	Protein-Ligand	1.5	Kd	7.69897
2ftl	2013.32	-2326.56	15	10	9412.7	3965.9	56	16.6756	0.02	94.17	541.8	13071.3	2ftl	Protein-Protein	1.62	Kd	13.22
2ftm	1727.38	-2126.23	13	14	9347.5	4050.3	52	15.7405	-1.54	93.4	548.2	13132.3	2ftm	Protein-Protein	1.65	Kd	10.8
2fts	1749.7	-1224.4	10	5	21402.8	1738.7	33	9.69414	-1.79	173.87	289.3	23567.9	2fts	Protein-Ligand	2.41	Kd	7.045757
2fuh	492.807	-1233.52	2.5	1	9185.6	4964.8	23	6.9847	-0.22	64.36	59.9	8194.5	2fuh	Protein-Protein	NMR	Kd	3.52
2fuu	1205.29	-781.697	5.5	7	4894.6	2299.2	62	20.0187	-0.23	26.07	368.6	3572.2	2fuu	Protein-Ligand	NMR	Kd	5.568636
2fyl	772.225	-1603.16	9.5	16	6545.1	5994.3	46	14.6551	-7.24	14.47	469.9	4374	2fyl	Protein-Protein	NMR	Kd	5.55
2g2u	2067.79	-3440.57	11.5	15	11222	8158.3	56	17.1496	-2.95	93.76	578.3	14956.7	2g2u	Protein-Protein	1.6	Kd	5.9
2g2w	2050.13	-3372.31	11.5	15	10955.1	8383.7	52	16.1456	-3.74	93.54	730.1	14943.5	2g2w	Protein-Protein	1.8	Kd	6.24
2g6q	972.623	-742.253	6	10	4145.8	1401	33	10.2095	2.06	25.47	581.6	2991.4	2g6q	Protein-Ligand	2	Kd	5.823909
2g81	1343.89	-1899.67	13	16	9116	4030.5	52	15.8861	-3.73	93.57	801	13137.3	2g81	Protein-Protein	1.55	Ki	7.866461
2gng	1764.95	-1815.86	14	13	16834	2383.6	44	13.1561	-6.51	128.55	501.3	18847.6	2gng	Protein-Protein	1.87	IC50	5.221849
2gph	1283.87	-1278.65	13	14	16959.7	1995.8	43	13.1678	0.22	148.56	564.1	19071	2gph	Protein-Ligand	1.9	Kd	5.30103
2gww	1743.46	-1798.99	5.5	2	15271.9	2241.4	26	7.66241	-0.22	99.22	59.9	14307.7	2gww	Protein-Protein	2.72	Kd	9.958608
2h13	754.284	-779.07	4.5	4	11725.1	794.4	25	7.28189	2.52	119.26	244.3	17441.4	2h13	Protein-Ligand	1.58	Kd	5.346787
2h2d	1647.15	-1155.65	14	5	10953.8	1878.7	29	8.84637	2.06	101.86	250	13048.1	2h2d	Protein-Ligand	1.7	Kd	5.366531
2h2g	1250.23	-771.307	7.5	3	11694.3	981	14	4.15945	2.66	102.6	184	13167.6	2h2g	Protein-Ligand	1.63	Kd	5.036212
2h2h	1464.23	-927.539	13.5	5	11270.5	1194.6	30	9.00981	2.06	101.86	250	13048.1	2h2h	Protein-Ligand	2.2	Kd	4.978811
2h9p	635.499	-665.884	4.5	4	12008.8	613.5	29	8.30444	2.52	120.48	244.3	17488.9	2h9p	Protein-Ligand	1.91	Kd	3.717
2hd5	3687.15	-4656.29	26.5	27	14839.2	4726.4	83	25.1162	-4.75	116.8	1131.9	16340.5	2hd5	Protein-Protein	1.85	Kd	5.55
2hev	661.291	-1268.14	7.5	9	7868.4	9233.5	28	8.67097	-2.27	48.1	229.3	7087.5	2hev	Protein-Protein	2.41	IC50	7.21
2hle	1825.11	-2445.19	15	9	10408.5	7427.9	45	13.8238	-2.05	71.46	369.9	10572.8	2hle	Protein-Protein	2.05	Kd	7.39794
2hmh	1863.53	-1515.19	11	16	7783.3	1601.7	48	14.7235	-2.85	48.47	739	6799.3	2hmh	Protein-Ligand	2	Kd	7.154902
2hqw	2878.33	-2470.16	20.5	5	9011.1	2528.5	53	15.5589	1.6	31.23	222.5	7901.7	2hqw	Protein-Protein	1.9	Kd	8.69897
2hrk	1391.62	-1993.24	8.5	3	9444.4	7382.9	19	5.48725	1.1	68.08	111.1	9911.9	2hrk	Protein-Protein	2.05	Kd	8.05
2hsq	2485.34	-1967.21	5.5	3	15990.8	2345.5	42	12.5509	0.81	100.65	167.2	14390.5	2hsq	Protein-Protein	3.97	Kd	8.179798
2hth	856.406	-1168.28	2.5	1	4453.4	8773.1	15	4.51999	-1.01	22.99	46.2	4028.5	2hth	Protein-Protein	2.7	Kd	3.98
2hug	1346.57	-993.21	7	3	4402.6	1983.7	55	16.735	0.75	9.54	175.7	3248	2hug	Protein-Ligand	NMR	Kd	5.974694
2ixq	50.7244	-196.008	2.5	0	7923.5	7013.5	25	8.80951	0.26	26.21	59.5	8384.2	2ixq	Protein-Protein	NMR	Kd	6.15
2j12	1482.61	-2302.15	14.5	12	9368.4	6828.1	40	12.2845	-2.6	70.83	534.6	10450.8	2j12	Protein-Protein	1.5	Kd	7.7
2jby	1675.1	-1490.39	6	2	7531.1	2626.9	32	9.2617	0.92	54.88	131.3	7035.7	2jby	Protein-Protein	2.41	IC50	7.30103
2jgz	2445.27	-3882.6	17.5	16	14217.7	13141.1	54	16.4505	-4.44	133	570	15936.2	2jgz	Protein-Protein	2.9	Kd	3
2jk9	855.903	-637.429	1	4	9661.5	1057.4	30	9.04542	-0.75	83.01	185	11472.5	2jk9	Protein-Ligand	1.79	Kd	6.82
2jnw	1048.13	-857.303	2.5	1	6604.4	1228.7	44	13.8819	-1.01	57.51	46.2	6399.3	2jnw	Protein-Ligand	NMR	Kd	6.107905
2jod	2093.31	-2062.9	12	8	7648.3	4011.6	54	15.7996	1.58	43.38	327.4	6159.4	2jod	Protein-Protein	NMR	Ki	6.46
2jq9	974.76	-796.798	2	0	5641.6	1712.6	25	7.32391	0	11.77	0	3853.1	2jq9	Protein-Ligand	NMR	Kd	4.476254
2jqi	238.954	-500.528	3	3	10364	1699.8	12	3.59998	-1.2	53.29	132	8531.8	2jqi	Protein-Ligand	NMR	Kd	5
2jqk	959.958	-733.945	3.5	1	5524.4	1731.9	26	7.75424	-1.01	10.98	46.2	4007.7	2jqk	Protein-Ligand	NMR	Kd	3.395774
2jql	388.477	-684.018	6.5	5	11675	1788.1	26	7.92433	0.64	32.16	314.4	8085.6	2jql	Protein-Ligand	NMR	Kd	6.522879
2jt4	1123.87	-1223.29	4	5	5350.5	4668.3	27	8.00333	2.35	15.56	227.8	3999.1	2jt4	Protein-Protein	NMR	Kd	4.4
2jti	754.31	-1810.03	8	0	13779.9	6566.7	15	4.45263	0	89.42	0	16910	2jti	Protein-Protein	NMR	Kd	6.23
2ju0	1694.97	-2552.57	4	1	11966.7	5396.6	34	10.1542	1.23	59.4	53.4	9888.1	2ju0	Protein-Protein	NMR	Kd	7
2jy6	985.778	-1024.64	6	4	5035.8	3746.5	26	7.71273	0.82	21.98	229.9	4233.3	2jy6	Protein-Protein	NMR	Kd	4.69897
2k00	1532.94	-1075.39	6	8	5939.2	2328.6	34	10.3182	0.44	36.52	343.4	5144	2k00	Protein-Ligand	NMR	Kd	4.619789
2k2r	404.648	-492.938	0.5	0	8477.8	1224.3	12	3.46889	0	55.73	0	7089.9	2k2r	Protein-Ligand	NMR	Kd	2.886057
2k2s	3563.78	-3365.02	22.5	21	6771.1	4290.9	163	49.8429	0.69	54.85	951.4	7962.8	2k2s	Protein-Protein	NMR	Kd	7.275724
2k2u	880.394	-1045.56	4.5	3	7994.8	4446.3	39	11.7478	0.22	26.81	99.6	6484.7	2k2u	Protein-Protein	NMR	Kd	6.443697
2k3s	1264.28	-1398.12	8.5	11	7651.8	5200.5	42	13.037	-2.92	47.46	372.4	6649.4	2k3s	Protein-Protein	NMR	Kd	5.568636
2k3u	2171.8	-1643.38	11.5	14	6392.4	3304.9	84	25.2171	-1.66	19.98	412.4	5203.6	2k3u	Protein-Protein	NMR	Kd	8.08
2k3w	1299.98	-975.104	6.5	7	5005.8	1862.8	34	10.6729	-2.8	11.99	262.4	3984.3	2k3w	Protein-Ligand	NMR	Kd	5.236572
2k42	2216.66	-1804.77	11.5	8	4969.4	4299.6	77	22.8681	-2.84	18.14	401.6	4191.1	2k42	Protein-Protein	NMR	Kd	7.455932
2k5b	1227.09	-2104.43	15	13	10681.8	8265	44	13.4285	-0.1	73.16	429.4	11929	2k5b	Protein-Protein	NMR	Kd	5.39794
2k6d	1647.73	-1555.3	6	6	4882	5224.9	55	16.1753	-0.37	22.97	234.4	3458.2	2k6d	Protein-Protein	NMR	Kd	3.767004
2k79	1146.83	-1552.54	10	4	4625.5	6752.4	32	9.75298	1.01	20.48	174.3	3605.8	2k79	Protein-Protein	NMR	Kd	3.173925
2k7a	1194.48	-1609.27	9.5	0	4531.1	6647.7	34	10.4326	-0.6	20.48	66	3605.8	2k7a	Protein-Protein	NMR	Kd	3.173925
2k7l	1201.17	-1032.66	5	1	2157.7	4945.7	46	13.6628	-1.01	5.58	46.2	955.2	2k7l	Protein-Ligand	NMR	Kd	6.154902
2k8b	1278.31	-1408.82	7	10	5184.8	5859.1	42	12.6116	1.04	21.98	408.7	4233.3	2k8b	Protein-Protein	NMR	Kd	2.74
2k8c	886.228	-1216.47	3.5	9	5140.8	6194.4	28	8.60687	0.4	21.98	395.4	4233.3	2k8c	Protein-Protein	NMR	Kd	2.74
2k8f	1303.41	-1564.19	10.5	8	6557.8	4729.3	56	17.2687	-0.96	27.02	339.3	5044.9	2k8f	Protein-Protein	NMR	Kd	5.568636
2ka4	4927.93	-3991.68	27.5	20	7689.6	6827	122	35.9089	-6.82	29.22	576.2	5559.1	2ka4	Protein-Protein	NMR	Kd	7.236572
2ka6	3050.81	-2478.67	13	20	7003.5	5478.6	79	23.6857	-6.51	31.3	569.4	5103.1	2ka6	Protein-Protein	NMR	Kd	7.283997
2kbr	1185.35	-1245.24	6	3	5972.3	2227.2	51	15.1697	-1.54	30.26	122	4268.3	2kbr	Protein-Ligand	NMR	Kd	4.595166
2kbw	2177.47	-1981.99	10	3	11512.7	3240.7	73	22.1945	2.05	42.77	195	8990.7	2kbw	Protein-Protein	NMR	Kd	6.49
2kc8	3007.23	-2490.68	18	23	7166.4	4151.9	105	31.4974	-4.87	30.85	823.4	5147.6	2kc8	Protein-Protein	NMR	Kd	6.7
2kff	710.644	-568.627	2.5	2	6893.5	1678.6	12	3.4797	1.65	31.14	118.5	5831.4	2kff	Protein-Ligand	NMR	Kd	3.610834
2kfg	831.779	-595.583	4	2	7031.5	1800.6	9	2.73401	-1.98	31.14	95.6	5831.4	2kfg	Protein-Ligand	NMR	Kd	2.920819
2kfh	751.113	-593.266	4	1	7025.3	1629.3	16	4.50619	-0.99	31.14	47.8	5831.4	2kfh	Protein-Ligand	NMR	Kd	2.619789
2khs	2962.76	-2457.19	10	12	8316.3	4112.4	80	23.8006	-2.42	25.48	506.5	6745.7	2khs	Protein-Protein	NMR	Kd	6.443697
2kj4	1262.29	-1367.55	14	13	5458.1	3452.4	60	18.2053	0.91	23.03	426.8	5014.6	2kj4	Protein-Protein	NMR	Kd	7.187087
2knb	1158.45	-1302.45	3	5	5088.1	4343.7	28	8.45652	-4.24	28.84	246.3	4218.2	2knb	Protein-Protein	NMR	Kd	4.958607
2knh	1561.43	-1033.08	2.5	2	7765.3	2102.9	72	21.5063	-1.01	43.45	46.2	5718.9	2knh	Protein-Ligand	NMR	Kd	5.15
2koh	1124.48	-935.187	8.5	12	6953	2462.6	44	13.7729	1.15	21.6	519.8	6478.9	2koh	Protein-Ligand	NMR	Kd	5.22
2kpl	1545.42	-1398.38	17.5	22	7432.5	1883.2	70	21.896	2.38	51.91	824.1	7353.9	2kpl	Protein-Ligand	NMR	Kd	6.64
2krd	678.844	-851.753	9	3	6451.9	2234.6	35	10.1311	1.01	25.26	113.3	5027.6	2krd	Protein-Ligand	NMR	Kd	2.7
2ks9	429.27	-634.557	8	2	18995.7	1844.3	10	3.13219	-0.81	244.69	132.7	20097.9	2ks9	Protein-Ligand	NMR	Ki	2.04
2ksa	249.036	-506.096	2	0	18995.7	1628.5	8	2.41491	0	244.69	0	20097.9	2ksa	Protein-Ligand	NMR	Ki	3.06
2ksb	934.541	-888.853	7.5	2	18995.7	1576.4	27	8.31813	0.68	244.69	123.1	20097.9	2ksb	Protein-Ligand	NMR	Ki	3.12
2ksp	962.799	-793.03	5.5	4	6888.2	2085.5	25	7.46917	0.27	31.14	148.1	5831.4	2ksp	Protein-Ligand	NMR	Kd	4.24
2ktf	1576.16	-1357.45	6	6	4672.3	3033.8	48	14.0802	-1.76	21.98	151.9	4233.3	2ktf	Protein-Protein	NMR	Kd	4.64
2kup	2213.85	-1856.96	15	6	12375	3020.4	40	11.551	-0.56	49.97	226.3	8392.5	2kup	Protein-Ligand	NMR	Kd	6.7
2kvm	1641.36	-1142.71	17.5	4	6761.1	2415	52	15.2314	0.51	13.93	167.8	3873.7	2kvm	Protein-Ligand	NMR	Kd	3.96
2kwi	1675.68	-1949.75	16.5	10	10933.7	4600.3	48	14.4545	-3.43	44.28	480	9996.8	2kwi	Protein-Protein	NMR	Kd	6.74
2kwj	2148.53	-1576.9	10.5	7	2450.8	7165.5	108	33.1363	-1.43	-2.35	291	1081.7	2kwj	Protein-Protein	NMR	Kd	6.3
2kwn	1023.62	-954.216	7.5	5	2193.8	6828.8	57	17.3144	-1.56	0.05	211.5	806.6	2kwn	Protein-Ligand	NMR	Kd	5.13
2kwo	1188.21	-1115.14	11.5	4	2426	6816.9	63	19.2782	-2.02	-5.84	171.7	1174.6	2kwo	Protein-Protein	NMR	Kd	4.33
2kwu	713.267	-951.816	2.5	2	3096	4750.7	11	3.24021	-0.64	12.11	55.8	1953.6	2kwu	Protein-Protein	NMR	Kd	4.29
2kwv	683.086	-958.864	3	3	2929.4	4665.7	12	3.60454	-2.64	10.53	149.8	1983.2	2kwv	Protein-Protein	NMR	Kd	4.05
2kxh	1467.04	-1418.6	10	3	12046.8	3156.8	47	13.7346	-1.54	73.8	122	11362.9	2kxh	Protein-Protein	NMR	Kd	4.85
2kxw	1675.04	-1496.75	6.5	3	5845.6	3778.4	66	19.8495	-0.4	13.35	157	4124.2	2kxw	Protein-Protein	NMR	Kd	8
2kzu	1434.12	-1219.98	6.5	6	6236.2	2033.4	65	19.4322	-2.34	33.1	219.5	5173	2kzu	Protein-Ligand	NMR	Kd	4.22
2l0f	1622.65	-1598.22	5	7	4620.4	4052	53	15.6818	-0.26	21.98	258.5	4233.3	2l0f	Protein-Protein	NMR	Kd	3.76
2l0i	1204.08	-939.904	15	7	8382.6	1229.1	31	9.52481	-3.68	41.28	400.1	7533.5	2l0i	Protein-Ligand	NMR	Kd	4.82
2l1l	1382.23	-1307.16	7.5	3	3153	8715.9	28	8.29532	1.41	5.84	169.3	1599.7	2l1l	Protein-Protein	NMR	Kd	8.15
2l6e	1746.23	-1253.21	7.5	3	7308	1873.1	40	11.7976	-1.28	27.81	111.6	5319.4	2l6e	Protein-Ligand	NMR	Kd	6
2l9s	2154.86	-1782.72	2.5	4	4838.2	7614.7	29	8.51901	-1.61	18.2	112.2	2530.2	2l9s	Protein-Protein	NMR	Kd	5.66
2nm1	0	-75.949	0	0	20670.6	1952	0	0	0	988.6	0	140966	2nm1	Protein-Ligand	2.15	Kd	7.468521
2nqd	2245.92	-2546.46	3.5	8	6567	10283.4	40	12.095	-0.07	38.5	385.3	6336	2nqd	Protein-Protein	1.75	Ki	10.41
2nwn	1354.92	-1500.96	10.5	14	11115.2	1561.6	64	19.8672	-2.59	103.85	648.7	12982.2	2nwn	Protein-Ligand	2.15	Ki	6.30103
2o3b	1196.31	-2329.35	10.5	9	10583	7786.5	42	12.67	-4.62	77.71	331.7	13973.9	2o3b	Protein-Protein	2.3	Ki	11.49
2o8v	1990.67	-1760.63	15.5	10	13210.6	5614.8	50	15.2889	1.74	81.55	280.5	12761.2	2o8v	Protein-Protein	3	Ki	5.96
2o9v	1053.01	-655.712	7	2	4607.6	1258.1	17	4.90565	3.21	23.88	112.1	3794.8	2o9v	Protein-Ligand	1.63	Kd	3.540607
2oi3	1836.66	-1064.67	10.5	8	7396.9	1974.3	47	13.8248	-0.27	24.69	350.4	5001.6	2oi3	Protein-Ligand	NMR	Kd	6.638272
2omt	2329.57	-4480.78	22	10	19573.4	6096.4	43	12.6722	-4.87	192.24	326.4	26408.4	2omt	Protein-Protein	2	Kd	7
2omu	2507.65	-4830.57	21	15	19813.6	6349.9	73	21.6575	-6.2	191.24	567.3	26420.5	2omu	Protein-Protein	1.8	Kd	9.22
2omv	2553.8	-4550.28	22.5	9	19806.7	6182.2	47	14.1135	-3.89	190.76	387.6	26350.7	2omv	Protein-Protein	1.9	Kd	8.920818
2omw	2252.05	-4421.71	21	10	19858.6	6246.3	55	16.2208	-1.42	190.76	444.8	26350.7	2omw	Protein-Protein	1.85	Kd	5
2omx	3012.47	-4916.94	24.5	13	19969.8	6205	89	29.5049	-5.9	191.68	445.9	26402.7	2omx	Protein-Protein	1.7	Kd	6.92
2omy	2431.53	-4507.61	21	12	19921.5	6216.5	52	15.3869	-6.15	191.76	438	26338.6	2omy	Protein-Protein	1.7	Kd	6.69897
2omz	2456.72	-4561.39	24	11	20126.3	6294.1	55	16.215	-5.48	193.74	368.1	26690.8	2omz	Protein-Protein	1.6	Kd	6.4
2oob	845.434	-861.622	1	1	3395.4	4354.4	11	3.07886	-0.99	13.5	47.8	2420.1	2oob	Protein-Protein	1.9	Kd	4.244125
2ot3	2962.18	-3185.76	11.5	9	13154.5	8340.8	61	17.7513	1.78	89.11	389.4	13975	2ot3	Protein-Protein	2.1	Kd	5.74
2oza	5578.24	-7172.66	28.5	30	19571.6	17778.5	157	48.3321	-0.67	120.09	1109.5	18367.1	2oza	Protein-Protein	2.7	Kd	8.6
2p43	1326.56	-1498.07	7.5	5	6912.2	6471.4	29	8.79985	1.58	28.74	324	7215.3	2p43	Protein-Protein	1.65	Kd	7.638272
2p44	1364.08	-1500.95	7.5	6	6867.4	6505.2	33	10.0973	1.36	28.24	383.9	6883.8	2p44	Protein-Protein	1.8	Kd	7.69897
2p45	1458.84	-1560.88	8	6	7114.4	6345.1	42	12.7428	1.36	28.74	383.9	7215.3	2p45	Protein-Protein	1.1	Kd	6.935542
2p47	1366.37	-1449.53	9	8	6915	6421	31	9.41142	0.5	29.73	499.6	7167.5	2p47	Protein-Protein	2.5	Kd	8.936
2p48	1325.68	-1470.4	8	7	6952.6	6492.6	33	9.8612	1.36	28.74	383.9	7215.3	2p48	Protein-Protein	2.3	Kd	8.936
2p49	1334.2	-1522.84	7.5	5	6622.8	6506	32	9.63012	1.58	29.19	324	6907.7	2p49	Protein-Protein	1.38	Kd	7.638272
2p8q	2672.88	-4100.51	30.5	17	41047.3	4495.3	100	30.0144	-7.48	357.17	849.3	48748.7	2p8q	Protein-Protein	2.35	Kd	7.806875
2pon	2422.06	-2064.01	10	5	2520.7	7961.6	77	23.0185	1.26	7.02	297.7	1355.7	2pon	Protein-Protein	NMR	Kd	5.853872
2pr9	1387.62	-1040.11	5	7	14546.5	1551.3	24	7.47232	-2.54	99.51	250.3	14004.7	2pr9	Protein-Ligand	2.51	Kd	7.374688
2ptc	1501.15	-1842.44	12	11	9294	3913.7	39	11.802	-1.54	93.57	548.2	13137.3	2ptc	Protein-Protein	1.9	Kd	13.22
2ptt	1214.39	-1851.58	9.5	17	6370.4	6593	32	10.1971	-4.85	28.55	437.2	5786	2ptt	Protein-Protein	1.63	Kd	5.39794
2px9	829.012	-1852.71	7	13	12661	8735.2	40	12.4973	-1.51	54.29	447.4	12215	2px9	Protein-Protein	NMR	Kd	4.058488
2qc1	1806.81	-1745.05	13	7	4868	12152.1	34	10.1686	-1.42	31.26	261.8	4192.1	2qc1	Protein-Protein	1.94	Kd	11
2qic	1103.67	-733.045	6	10	3952.1	1399	34	10.4315	3.64	24	590.4	2935.1	2qic	Protein-Ligand	2.1	Kd	5.481486
2qna	1300.78	-2505.63	17	8	35974.8	3504.8	47	13.9801	-3.41	311.73	283.9	41578.3	2qna	Protein-Protein	2.84	Kd	7.080922
2qur	1648.52	-1656.78	13.5	13	15974	2288.3	43	13.0397	-4.56	126.92	317.2	18868.3	2qur	Protein-Protein	2.5	IC50	6.30103
2qxv	2811.39	-2732.51	16.5	9	15200.5	3294.2	54	16.1218	-0.39	147.14	389.7	19924.5	2qxv	Protein-Protein	1.82	Kd	6.420217
2r02	1363.88	-1092.53	3	1	38985.1	1389.4	22	6.33002	-0.77	214.13	61	38958.4	2r02	Protein-Ligand	2.6	Kd	5.09691
2r05	1409.57	-1089.6	3	1	39101.9	1422.2	14	4.01474	-0.77	214.13	61	38958.4	2r05	Protein-Ligand	2.55	Kd	5.154902
2rmk	1506.32	-1738.24	11	5	11975.9	6529.8	47	13.8879	-0.44	85.6	233.1	10570.4	2rmk	Protein-Protein	NMR	Kd	6.769551
2rms	1373.81	-1290.24	3.5	1	5735.8	5838.7	40	11.3348	-0.99	30.73	47.8	4027.2	2rms	Protein-Protein	NMR	Kd	6.872895
2rnr	2683.47	-2318.14	38	32	5471.7	6165.5	142	44.3758	-9.09	12.77	959.1	3476.8	2rnr	Protein-Protein	NMR	Kd	6.823909
2rnw	1542.25	-1064.1	11.5	3	6887.9	2232.5	57	17.0729	-0.28	36.63	181.4	6562	2rnw	Protein-Ligand	NMR	Kd	2.978397
2rnx	1761.53	-1274.15	14.5	2	6986.7	2114	74	22.0592	-1.24	36.63	121.8	6562	2rnx	Protein-Ligand	NMR	Kd	3.395774
2rol	1053.28	-761.047	6	1	5197.6	2036.3	12	3.38681	-0.6	20.67	66	3677.3	2rol	Protein-Ligand	NMR	Kd	4.619789
2roz	1752.67	-1782.21	13.5	6	3818.4	9013	60	18.0215	-0.69	4.55	185.2	1843.1	2roz	Protein-Protein	NMR	Kd	6.49485
2rr3	1528.71	-1443.7	7.5	4	8749.9	5696.4	22	6.49593	-0.15	40.9	210.6	7107.8	2rr3	Protein-Protein	NMR	Kd	5.68
2sic	1769.92	-2186.13	17	9	10038	5967.5	64	19.1141	-0.36	100.79	483.4	16458.8	2sic	Protein-Protein	1.8	Kd	10.15
2sni	1729.18	-2075.57	9	6	10079.6	4341	45	13.5641	-0.38	101.21	355.8	16462.9	2sni	Protein-Protein	2.1	Kd	11.7
2tgp	1599.95	-1805.03	10.5	9	9715.2	3975.3	37	11.1277	-1.54	93.57	548.2	13137.3	2tgp	Protein-Protein	1.9	Kd	5.62
2uuy	1606.87	-1814.82	11.5	10	9348	3914	44	13.3404	-0.81	93.32	541.5	13304.6	2uuy	Protein-Protein	1.15	Ki	8.25
2uyz	1856.26	-2212.62	5	7	8883.9	5429.6	48	14.2191	-2.79	56.93	232.7	8688.7	2uyz	Protein-Protein	1.4	Kd	7.09
2v3b	841.467	-1887.13	2.5	7	17598.9	3474.6	18	5.51148	-0.57	161.02	320.3	21571	2v3b	Protein-Protein	2.45	Kd	5.3
2v4z	1307.88	-2430.02	8	6	15069.1	6839.4	32	9.63189	-0.91	109.95	249.2	17762.1	2v4z	Protein-Protein	2.8	Kd	5.9
2v52	2144.11	-2455.68	9	8	15936.4	3376.7	54	15.6684	0.7	144.33	367.7	20388.8	2v52	Protein-Protein	1.45	Kd	5.721246
2v6x	2201.83	-1976.61	12	12	6115.1	4923.6	47	14.0417	-6.45	16.88	490.6	4502.9	2v6x	Protein-Protein	1.98	Kd	4.552842
2v8s	1257.54	-1687.92	11.5	8	8569.9	6635.3	51	15.5617	-2.23	21.95	283.6	7601.4	2v8s	Protein-Protein	2.22	Kd	4.66
2v9t	843.178	-2045.85	1	10	6594.7	10435.1	26	7.89674	-0.78	29.57	354.2	6027.3	2v9t	Protein-Protein	1.7	Kd	8.09
2vay	2567.12	-2380.15	14	3	9190	2431.7	56	16.5371	-1.92	28.52	167.4	8338.2	2vay	Protein-Protein	1.94	Kd	8.1
2vda	1690.06	-2060.81	15	14	41781.5	3680.5	46	13.8706	-5.18	240.99	508.1	46347.6	2vda	Protein-Protein	NMR	Kd	5.522879
2vdb	1836.64	-2148.92	16	4	29326.6	4264.2	32	9.82211	-1.27	184.76	229.2	31586.2	2vdb	Protein-Protein	2.52	Kd	9.82
2ver	899.903	-1673.11	5.5	6	7500.8	6279.6	24	7.25536	-3.37	42.96	300.3	8374.7	2ver	Protein-Protein	NMR	Kd	4.882729
2vln	1540.29	-1730.87	14	10	4954.7	7998.7	39	11.7366	2.01	21.39	475.5	4651.9	2vln	Protein-Protein	1.6	Kd	11.77469
2vlo	1625.35	-1745.93	13.5	8	6283.4	7464	36	10.7815	3.11	22.24	411.6	5235.7	2vlo	Protein-Protein	1.8	Kd	12.04963
2vlp	1663.98	-1806.75	15.5	8	5190.3	7734.5	39	11.5194	2.39	20.53	360.2	4759	2vlp	Protein-Protein	2	Kd	12.2652
2vlq	1311.99	-1697.67	14	9	5156.9	7777	41	12.3313	1.7	23.04	417.3	4853.4	2vlq	Protein-Protein	1.6	Kd	10.64207
2vog	2090.85	-1728.7	6.5	3	8168.7	2334	35	10.0652	-1.85	61.19	163.5	8168.9	2vog	Protein-Protein	1.9	Kd	6.677781
2voh	2101.85	-1832.95	4.5	7	8923.1	2474.8	46	13.4541	-3.24	66.78	215.8	8747.6	2voh	Protein-Protein	1.9	Kd	9
2voi	1752.84	-1673.89	3	4	8445.1	2446.1	33	9.77194	-2.25	63.64	168	8441.1	2voi	Protein-Protein	2.1	Kd	8.958608
2vsm	3103.9	-3946.65	18	16	17831.2	8236.2	84	25.3414	-2.73	183.73	860.2	23568.9	2vsm	Protein-Protein	1.8	Kd	7.455932
2vwf	1244.55	-904.508	13	8	3944.2	1799.4	35	10.3698	1.93	20.56	223.7	3275	2vwf	Protein-Ligand	1.58	Kd	5.060481
2w85	1398.22	-828.145	3	1	4020.9	1570.7	28	8.12752	-0.99	12.71	47.8	3156.8	2w85	Protein-Ligand	NMR	Kd	5.037631
2w9r	768.064	-472.68	4.5	3	6599.9	1720.1	20	5.93646	-0.14	38.61	180.4	5323.5	2w9r	Protein-Ligand	1.7	Kd	5.318759
2wel	2858.62	-2609.19	16	7	17955.8	9387.9	52	15.0737	-4.02	117.71	186.4	16971.9	2wel	Protein-Protein	1.9	Kd	6.22
2wfj	1218.39	-1104.72	6.5	6	7855.8	1203.4	35	10.4153	-2.11	55.44	211.6	9945.1	2wfj	Protein-Ligand	.75	Kd	7.154902
2wfx	1338.12	-2155.01	7	9	7646.7	20869.8	31	9.67423	-1.16	35.26	452	8654.8	2wfx	Protein-Protein	3.2	Kd	7.853872
2wg4	1138.27	-2013.6	6	11	7287	21306.3	29	9.02632	-1.53	37.52	377.9	8200.7	2wg4	Protein-Protein	3.15	Kd	7.131356
2wh6	1898.23	-1884.84	10.5	4	8375.5	2435.4	32	9.21556	-1.65	76.48	181.3	8812	2wh6	Protein-Protein	1.5	Kd	7.74
2wo2	2897.48	-3031.89	18.5	14	10131.6	8206.1	68	20.2802	-3.85	62.95	635	10041.3	2wo2	Protein-Protein	2.45	Kd	4.966576
2wo3	1658.8	-2534.84	15	7	9587	8375.2	40	12.0553	-1.77	63.68	327.1	9934	2wo3	Protein-Protein	2.35	Kd	5.638272
2wp3	1429.08	-1980.87	4.5	10	5752.6	5626.3	30	8.85583	-0.8	37.39	405.1	5708.4	2wp3	Protein-Protein	1.48	Kd	6.1
2wpt	1532.74	-1837.42	20	7	5295.5	6506.8	48	14.2011	-0.61	8.91	295.4	4630.5	2wpt	Protein-Protein	1.78	Kd	7
2wwk	1098.83	-1601.9	4.5	8	6039	5935.7	26	7.79986	-0.25	35.55	330.9	5733.8	2wwk	Protein-Protein	1.7	Kd	5.89
2wwx	3483.73	-4123.56	27	23	9471.7	11253.7	108	32.0658	-4.46	63.76	1072.1	9613.9	2wwx	Protein-Protein	1.5	Kd	7.102373
2wy8	891.914	-1869.11	16.5	11	12404.4	5030.6	31	9.35854	2	120.44	455.6	16436.2	2wy8	Protein-Protein	1.7	Kd	6.44
2x1x	903.686	-1382.56	0	1	7368.5	11964.1	19	5.49004	0.26	44.93	59.5	5891.6	2x1x	Protein-Protein	3.1	Kd	7.8
2xgy	1533.96	-1833.17	10	14	7278.4	7575.2	40	12.177	3.71	60.36	500.3	7194.7	2xgy	Protein-Protein	1.8	Kd	4.52
2xpx	1626.19	-1617.51	4	2	8555.9	2236.7	36	10.1668	-0.04	75.14	151	8567.2	2xpx	Protein-Protein	2.05	Kd	6.82
2xs8	1041.75	-922.974	1.5	4	38588	1203.5	21	6.35088	-0.26	214.13	228.8	38958.4	2xs8	Protein-Ligand	2.5	Kd	4.61
2xtt	1427.49	-1947.28	13	13	2816	9187.1	40	12.3939	3.24	9.51	347.8	2050.4	2xtt	Protein-Protein	.93	Ki	10.7
2y9m	1374.14	-1785.69	11.5	11	9181.9	6708.9	31	9.41015	-2.56	79.15	479.5	9205.9	2y9m	Protein-Protein	2.6	Kd	8.7
2z58	2590.89	-2615.81	18.5	13	11350.8	4843.7	71	21.3552	-1.79	131.83	847.5	18532.6	2z58	Protein-Protein	1.88	Kd	7.79588
2z7f	1766.88	-1713.42	12	6	10016.1	4106.1	49	14.3875	1.39	107.84	292.2	11968.6	2z7f	Protein-Protein	1.7	IC50	7.886056
3ajb	1592.53	-1273.86	2	2	13914.9	2553.9	18	5.18658	-0.99	138.92	47.8	16309.1	3ajb	Protein-Protein	2.5	Kd	7.39
3alz	1444.76	-2728.25	12	8	20366.5	6858.8	47	14.4117	-0.8	205.12	290.8	23812.6	3alz	Protein-Protein	4.51	Kd	6.28
3aon	4353.74	-4130.4	17	16	13354.5	6687.1	78	23.416	1.17	47.87	608.2	9752.2	3aon	Protein-Protein	2	Kd	8.49
3beg	1190.99	-2159.53	13	12	17165.3	6218.4	48	14.4516	1.26	152.88	448.3	19270.7	3beg	Protein-Protein	2.9	Kd	7.30103
3bh6	1743.75	-3032.24	16	17	8570.4	14955.4	54	16.2026	-6.91	65.39	536.7	9041.9	3bh6	Protein-Protein	2.6	Kd	7.022276
3blh	1724.9	-2646.82	10	6	15408.8	13972.1	39	11.5594	2.47	125.14	227.3	15984.1	3blh	Protein-Protein	2.48	Kd	6.522879
3bn3	1028.87	-1903.91	5.5	12	9712.7	11137.3	34	10.5659	1.61	65.22	464.3	10094.5	3bn3	Protein-Protein	2.1	Kd	4.69897
3bs5	894.377	-1125.04	13	10	6001.6	4550.6	20	6.21098	-4.02	23.28	259.5	4535.4	3bs5	Protein-Protein	2	Kd	7.033858
3btr	1856.09	-1692.49	21.5	13	18923.1	2109.2	45	13.5732	1.65	193.41	708.7	23994.9	3btr	Protein-Ligand	2.6	Kd	5.30103
3bu6	122.404	-371.627	0	1	15348.6	2079.3	9	2.66307	-1.59	819.38	113.8	118984	3bu6	Protein-Ligand	1.95	Kd	5.886056
3bum	718.082	-668.174	9	3	1334.4	14992.2	27	8.28058	-0.98	-0.38	181.3	486.8	3bum	Protein-Ligand	2	Kd	6.49485
3bun	696.542	-588.754	8	4	1151.3	15036.4	25	7.58972	-0.34	-0.22	234.3	351.7	3bun	Protein-Ligand	2	Kd	6.21467
3bzd	926.419	-1731.32	2.5	5	5717.2	11936.8	27	8.26596	-1.37	34.42	242.4	6500.3	3bzd	Protein-Protein	2.3	Kd	4.02
3c3o	1278.67	-941.302	0.5	1	18334.7	1601.5	16	4.69084	-0.77	123.94	61	19947.9	3c3o	Protein-Ligand	2.15	Kd	4.356547
3c3q	1473.52	-1247.42	5.5	5	18664	2080.6	44	12.8308	-3.74	123.94	204.4	19947.9	3c3q	Protein-Ligand	2.1	Kd	4.318759
3c3r	1079.3	-897.787	1	2	18493.4	1504.9	19	5.68226	-1.76	123.94	108.8	19947.9	3c3r	Protein-Ligand	2.02	Kd	4.387216
3c4o	1980.46	-3353.82	9.5	16	11230.1	8009.4	50	15.2856	-2.56	93.76	579.1	14956.7	3c4o	Protein-Protein	1.7	Kd	8.337242
3c4p	2109.57	-3407.19	10.5	19	11325.8	8062.2	57	17.4814	-3.55	93.76	626.9	14956.7	3c4p	Protein-Protein	1.75	Kd	8.356547
3c59	1544.25	-1282.43	10	6	7339.1	2525.7	26	7.77727	-1.23	41.59	258.7	5833.5	3c59	Protein-Protein	2.3	IC50	8.30103
3c5t	1520.43	-1275.28	10	6	7519	2491.1	23	6.89769	-0.28	41.9	261.1	5891.7	3c5t	Protein-Protein	2.1	IC50	9.221848
3cfs	1073.09	-1197.06	12	11	17955	1755.8	31	9.53835	0.5	141.02	474.4	21746.8	3cfs	Protein-Ligand	2.4	Kd	5.958607
3ch5	1618.39	-1573.48	2.5	1	10114.1	3327.8	25	7.25619	-0.22	80	59.9	10737.3	3ch5	Protein-Protein	2.1	Kd	3.920819
3cqc	2484.66	-2798.94	7	6	14577.1	12235.5	53	15.5733	-4.11	93.73	336.7	13503.1	3cqc	Protein-Protein	2.53	Kd	8.39794
3cqg	2296.28	-2715.99	8	8	12962.3	11766.2	45	13.3339	-4.24	85.36	341.9	12361.7	3cqg	Protein-Protein	3	Kd	8.39794
3cs8	1276.19	-936.784	5	3	14412.4	1434.6	18	5.30983	-1.59	112.83	113.8	14913.7	3cs8	Protein-Ligand	2.3	IC50	5.769551
3cx6	2335.84	-3019.38	12.5	13	15916.5	10561.3	57	17.2819	-6.68	114.98	334.6	17709.2	3cx6	Protein-Protein	2.5	Kd	5.318759
3cx7	2424.4	-3303.66	15.5	17	15936.8	11359.5	55	16.8401	-6.53	114.07	721.2	17677.8	3cx7	Protein-Protein	2.25	Kd	6.283997
3cx8	2457.84	-3333.55	12.5	19	15999	11448.3	60	18.6031	-5.47	114.07	499.9	17677.8	3cx8	Protein-Protein	2	Kd	6.468521
3d7t	655.051	-1989.46	6	8	13374.3	13677.4	22	6.67497	-2.35	104.72	261.7	13907.1	3d7t	Protein-Protein	2.9	Kd	4.154902
3ddc	1077.52	-1978.45	16.5	8	8358.3	8658.6	24	7.23896	-3.32	49.26	414.9	9367.5	3ddc	Protein-Protein	1.8	Kd	6.113509
3di3	1257.63	-1583.95	5	2	7363.6	10781.2	16	4.75406	-1.76	45.05	108.8	6576.7	3di3	Protein-Protein	2.9	Kd	7.677781
3doe	2317.25	-2339.28	9	6	10725.7	7671.4	51	15.2213	2.47	73.95	335.8	10627.8	3doe	Protein-Protein	2.25	Kd	7.7
3dow	1759.86	-976.941	4.5	6	6942.7	1122.4	26	7.80519	-0.94	38.84	194.9	6573.3	3dow	Protein-Ligand	2.3	Kd	4.939302
3ds0	1566.7	-1060.04	2	1	5886.3	1434.5	25	7.02387	-0.77	26.17	61	4629.9	3ds0	Protein-Ligand	1.6	Kd	4.826814
3ds1	1676.07	-1081.09	3	3	5754.3	1316.4	27	7.73335	-1.06	25.49	185.2	4588.7	3ds1	Protein-Ligand	1.6	Kd	5.69897
3dvm	2137.02	-2022.98	10.5	1	9041.9	2300.5	46	13.1959	1.23	29.95	53.4	8010.1	3dvm	Protein-Protein	2.6	Kd	8.364516
3e1z	2135.95	-2552.18	6.5	4	6242.3	9699.4	46	13.4052	0.95	38.5	150.8	6336	3e1z	Protein-Protein	1.86	Ki	10.4437
3eba	1141.34	-1566.46	6.5	8	5948	6695.1	32	9.66821	-0.18	47.38	306.3	7276	3eba	Protein-Protein	1.85	Kd	8.627088
3eg6	1218.95	-1173.24	6	3	12003.9	1190.7	33	9.46936	3.29	120.48	183.3	17488.9	3eg6	Protein-Ligand	1.72	Kd	5.769551
3emh	972.289	-888.046	4.5	4	11791.7	947.7	26	7.55441	2.52	119.48	244.3	17277.2	3emh	Protein-Ligand	1.37	Kd	6.853872
3eqs	1768.71	-1203.2	3	2	5756.8	1277	24	6.95762	2.66	40.22	104.7	4583.4	3eqs	Protein-Ligand	1.65	Kd	8.481486
3er5	1731.83	-1634.04	9.5	9	13345	1588.4	31	9.47897	-2.82	145.85	382.8	19228.5	3er5	Protein-Ligand	1.8	Ki	9
3eu7	0	-56.8581	0	0	13872	1608.4	0	0	0	918.53	0	79658.5	3eu7	Protein-Ligand	2.2	Kd	6.180456
3f1p	1595.04	-2884.09	6.5	7	6653.4	6854.3	40	11.6831	0.37	44.76	169.1	6521.1	3f1p	Protein-Protein	1.17	Kd	3.920819
3fhc	1076.39	-2761.23	15.5	10	18068.5	11323.8	62	19.3427	1.09	183.62	500.9	21309	3fhc	Protein-Protein	2.8	Kd	7.665546
3fii	3022.18	-3064.59	14.5	22	18404.7	3494	109	33.0618	-4.31	141.04	801.2	22889.4	3fii	Protein-Protein	2.17	Ki	8.721247
3fju	1284.76	-1852.7	8	9	12227.6	4483.6	34	10.1875	-3.84	132.49	426.5	17682.2	3fju	Protein-Protein	1.6	Ki	8.79588
3fp6	1664.46	-2228.71	17	13	9470.1	3834.9	50	15.329	-1.74	97.06	586.1	12829	3fp6	Protein-Protein	1.49	Kd	13
3fpu	2890.4	-2586.09	18.5	19	7574.4	4862.1	89	26.7225	4.47	23.02	690.5	5813.4	3fpu	Protein-Protein	1.76	Kd	9.92
3g7a	1094.05	-875.977	1.5	0	3372.3	3707.9	14	3.92467	0	18.46	0	1979.3	3g7a	Protein-Protein	2.8	Ki	8.045757
3g7l	1733.49	-948.411	11	8	4409	1321.7	46	13.8584	-0.38	13.33	470	3066.7	3g7l	Protein-Ligand	2.2	Kd	6.721246
3gb8	2901.58	-4686.15	16.5	10	46039	13977.1	68	20.4001	-3.26	584.48	280.3	76272.2	3gb8	Protein-Protein	2.9	Kd	5.187087
3gbq	1144.64	-722.64	13	3	4323	1869.2	42	12.1204	1.9	12.92	181	3191.4	3gbq	Protein-Ligand	NMR	Kd	5.455932
3gc3	2044.56	-2644.62	12	4	18154.8	16101.3	36	10.7338	0.59	127.01	226.2	18138.4	3gc3	Protein-Protein	2.2	Kd	5.68
3gj3	839.395	-998.799	1.5	2	10144.9	2127.7	21	6.1203	-0.73	80.03	107.3	11216.9	3gj3	Protein-Protein	1.79	Kd	4.309804
3gj6	949.435	-1071.24	2.5	1	10211.7	2269.6	25	7.33084	-0.99	78.51	47.8	11290.6	3gj6	Protein-Protein	2.7	Kd	5.187087
3gni	3755.8	-4981.3	22.5	27	18730.8	16804.7	87	26.4637	-4.58	120.2	1041.4	18444.4	3gni	Protein-Protein	2.35	Kd	7.920819
3gqi	945.616	-2300.18	6	7	16751.9	12434.5	22	6.65614	-1.71	110.77	329	16924.6	3gqi	Protein-Protein	2.5	Kd	7.481486
3gty	1521.17	-3640.05	19.5	10	28187.6	9350	41	12.3583	-1.77	73.36	455.7	22229	3gty	Protein-Protein	3.4	Kd	9.327902
3gxu	2366.19	-2700.37	18.5	8	9934.9	8222.5	65	19.5634	-3.56	61.4	335.6	9636.4	3gxu	Protein-Protein	2.5	Kd	6.69
3h1z	2141.41	-1469.8	11.5	6	12139.9	2071.1	43	12.4638	2.42	107.81	258.4	13084.9	3h1z	Protein-Ligand	1.83	Kd	4.66
3h8k	1949.03	-1725.01	7.5	11	9133.3	3269.4	33	9.80133	1.66	73.23	366	9250.8	3h8k	Protein-Protein	1.8	Kd	7.677781
3hct	867.048	-1303.48	11	6	7226.2	8638.3	23	6.9761	4.81	43.7	331.3	5728.5	3hct	Protein-Protein	2.1	Kd	5.829738
3hqh	846.915	-738.445	5	8	7378.1	1125.3	27	8.31092	-2.01	51.29	355.4	7501.5	3hqh	Protein-Ligand	2.3	Kd	4.196543
3hs8	990.076	-797.99	5	4	12258.5	1724.8	21	6.31487	-1.5	100.62	250.8	13427.5	3hs8	Protein-Ligand	1.9	Kd	5.3
3hs9	1094.27	-734.168	2.5	0	11934.2	1594.6	23	6.58137	0	107.81	0	13084.9	3hs9	Protein-Ligand	2.15	Kd	6.31
3i5r	987.937	-684.738	8	5	4548.4	1379.2	31	9.02331	2.44	17.58	173.1	4703.9	3i5r	Protein-Ligand	1.7	Kd	4.4
3idb	2243.55	-3225.61	17	15	15459.3	9301.1	67	19.8218	-0.84	125.66	643.7	19061.5	3idb	Protein-Protein	1.62	Kd	7.946921
3idc	2573.26	-3442.79	14	13	15743.9	10540.8	80	23.9007	-2.43	125.66	471.7	19061.5	3idc	Protein-Protein	2.7	Kd	9.221848
3iiw	928.32	-622.066	4	3	15664.8	813.2	22	6.33055	1.24	143.9	98.7	20339.4	3iiw	Protein-Ligand	1.8	Kd	4.438899
3iiy	839.21	-619.228	3.5	2	15771.6	992.8	14	4.08369	1.24	145.15	98.7	20601.2	3iiy	Protein-Ligand	2.65	Kd	4.79588
3ij0	853.062	-608.412	3.5	4	15584	867.9	18	5.2397	1.24	142.93	98.7	20345.5	3ij0	Protein-Ligand	2.45	Kd	4.879426
3ij1	1100.09	-858.29	5.5	7	15530.9	1325.2	32	9.44577	1.6	142.93	224.3	20345.5	3ij1	Protein-Ligand	2.1	Kd	4.69897
3iol	1268.21	-1051.32	5	3	6618.5	2551.8	17	4.96337	-1.65	43.63	102	5667.8	3iol	Protein-Protein	2.1	IC50	6.30103
3iqq	1363.78	-906.232	5	2	6217.8	1205.9	33	10.1648	-1.28	28.34	111.6	4986.8	3iqq	Protein-Ligand	2.01	Kd	5.54
3ixe	1951.68	-2400.87	11.5	17	9582.4	5940.7	69	20.4667	0.97	51.01	620.6	9686.5	3ixe	Protein-Protein	1.9	IC50	5.638272
3jpx	1028.34	-793.03	5.5	5	15667.7	1142.9	23	6.80352	2.01	143.9	215.1	20339.4	3jpx	Protein-Ligand	2.05	Kd	3.63
3jza	3502.12	-4178.1	20.5	25	9547.2	10456.8	108	32.4188	-0.17	58.69	1140.8	9508.9	3jza	Protein-Protein	1.8	Kd	11.52
3jzo	1518.1	-1070.51	5	1	5694.8	1468.9	26	7.43271	1.23	40.62	53.4	4846.6	3jzo	Protein-Ligand	1.8	Kd	8.52
3jzp	1502.27	-1077.63	5	2	5713.9	1484.6	24	6.9517	2.46	40.62	106.8	4846.6	3jzp	Protein-Ligand	1.74	IC50	6.6
3jzr	1746.75	-1364.96	7	4	6118.6	1493.1	29	8.4685	1.44	41.65	256	5366.8	3jzr	Protein-Ligand	2.1	IC50	7.44
3jzs	1726.22	-1181.97	3.5	2	5262.8	1424.4	26	7.52645	0.71	39	92.9	4535.9	3jzs	Protein-Ligand	1.78	IC50	8.1
3k1r	2561.88	-2444.84	21	17	11950.3	5863.4	70	20.9076	0.6	73.26	802.7	10632.3	3k1r	Protein-Protein	2.3	Kd	9
3k26	714.311	-424.222	2.5	3	15641.7	559.4	17	4.80588	1.24	144.86	98.7	20399	3k26	Protein-Ligand	1.58	Kd	3.4
3k8p	1726.33	-2561.49	10	11	16445.9	30808.3	49	14.5969	-2.05	130.56	199.8	15727.4	3k8p	Protein-Protein	2.6	Kd	8
3kj0	2135.84	-1996.61	10	11	8994.3	2692.1	48	14.2821	-3.13	44.98	417.3	8860.3	3kj0	Protein-Protein	1.7	Kd	8.7
3kj1	2245.93	-2027.2	10	10	8501	2532.4	53	15.5979	-1.14	44.69	403.8	8539.8	3kj1	Protein-Protein	1.95	Kd	8.7
3kj2	2127.97	-1976.1	6.5	8	8435.9	2528.7	41	11.9742	-1.27	44.73	265.2	8468.1	3kj2	Protein-Protein	2.35	Kd	8.7
3knb	1544.9	-2048.52	5.5	9	5584.6	5385.6	34	10.3029	-0.03	37.32	344.1	5667.3	3knb	Protein-Protein	1.4	Kd	6.03
3kuc	1068.62	-1588.35	15.5	11	8821.7	5100	34	10.4149	-2.51	57.08	347.1	9422	3kuc	Protein-Protein	1.92	Kd	6.35
3kud	872.743	-1454.18	5	10	8151.4	4955	27	8.45869	-2.68	49.35	294.6	9321.4	3kud	Protein-Protein	2.15	Kd	5.77
3kv4	3135.99	-3012.41	11.5	9	21136.9	2015.1	86	25.4187	3.97	184.78	560.7	24100.2	3kv4	Protein-Protein	2.19	Kd	6
3kw5	1956.48	-2290.5	13	11	11616	5041.1	47	13.9912	-1.94	74.36	512.8	12565.6	3kw5	Protein-Protein	2.83	Kd	6.41
3kyi	915.852	-1204.59	5	1	6633.5	6292.8	17	4.73869	1.8	48.75	46.3	7199.8	3kyi	Protein-Protein	2.8	Kd	3.66
3l3x	861.734	-848.157	8.5	5	12691.7	1454	24	7.19391	-2	128.34	94	13843.9	3l3x	Protein-Ligand	1.55	IC50	6.15
3l3z	890.22	-882.561	6	5	12524.2	1500	26	7.80235	-1.76	129.35	108.8	13797.7	3l3z	Protein-Ligand	2	IC50	4.87
3l6x	2650.41	-2135.02	14.5	12	20290.8	2387.2	64	19.1679	-6.86	143.9	633.9	24103	3l6x	Protein-Ligand	2.4	Kd	4.4
3l9j	1829.54	-1898.65	7	9	7138.5	8465	49	14.616	-4.07	51.13	292.2	7518.6	3l9j	Protein-Protein	2.1	Kd	9.47
3lbx	2276.97	-2234.98	12	9	11146.9	13886.3	47	14.3884	-4.57	22.2	461.1	7729.9	3lbx	Protein-Protein	2.8	Kd	6.4
3lms	2040.39	-2806.9	13.5	15	12681.7	5046	52	15.8965	-1.84	125.56	699.2	19140.5	3lms	Protein-Protein	2.5	Ki	8.92
3m18	1275.19	-2682.31	6.5	14	11531.4	6413.7	46	13.9091	-2.56	86.47	511.1	14104	3m18	Protein-Protein	1.95	Kd	9.74
3mca	1419.68	-3263.52	13	13	19614.7	19227.8	42	12.9802	-6.28	150.2	651.4	21212	3mca	Protein-Protein	2.74	Kd	6.41
3me2	513.07	-1429.77	4.5	5	8334.8	11339.9	27	8.04109	-1.87	63.8	153.3	9125.1	3me2	Protein-Protein	2.8	Kd	10.17
3mj7	1619.69	-2049.82	9.5	15	13316.1	12115.7	40	12.3077	-1.01	63.21	417.5	12973.7	3mj7	Protein-Protein	2.8	Kd	5.3
3mzg	2488.69	-3324.9	14.5	14	10789.9	11891.7	55	16.6971	-3.89	67.35	515.5	10348.1	3mzg	Protein-Protein	2.1	Kd	2.3
3mzw	1399.62	-2080.1	7.5	8	28228.4	4095.3	31	9.60757	-2.82	261.95	392.2	32394.3	3mzw	Protein-Protein	2.9	Kd	10.66
3n00	2514.7	-1830.34	7.5	5	9884.6	2317	39	11.4767	1.64	79.06	266.8	10181.9	3n00	Protein-Protein	2.6	IC50	6.66
3n06	2396.77	-3271.22	15	15	10443.9	11819.7	54	16.3936	-3.29	67.53	449.5	10347	3n06	Protein-Protein	2	Kd	2.51
3n0p	2445.56	-3296.23	14.5	16	10744.9	11988.1	54	16.4096	-3.89	67.53	515.5	10347	3n0p	Protein-Protein	2.1	Kd	2.29
3n4i	2331.39	-3585.46	11.5	17	11283.9	8126.9	67	20.4116	-3.59	93.89	634.1	14951.5	3n4i	Protein-Protein	1.56	Kd	8.96
3ncb	2377.81	-3272.08	12	13	10807.2	12007.4	56	17.0646	-4.66	67.53	512	10347	3ncb	Protein-Protein	2.1	Kd	1.03
3ncc	2314.78	-3154.38	11	14	10742.6	11956.8	54	16.2018	-3.53	67.35	434.7	10348.1	3ncc	Protein-Protein	2.5	Kd	.67
3nvn	1316.51	-2839.9	13.5	20	18597.9	21620.6	54	16.864	-1.91	137.16	673.8	21851.3	3nvn	Protein-Protein	2.26	Kd	8.03
3o34	827.638	-605.097	10	3	11010.7	1749.7	14	4.13829	-1.24	116.1	121.8	12545.2	3o34	Protein-Protein	1.9	Kd	5.06
3o40	2835.7	-2387.91	6	5	10579.4	3621.2	38	10.9815	-0.11	72.4	218.8	11477.7	3o40	Protein-Protein	2.1	Ki	8.85
3o43	2527.52	-2178.79	4	5	10472.6	3571	38	11.2161	0.27	72.4	212.7	11477.7	3o43	Protein-Protein	2.8	Ki	8.05
3oap	1262.04	-1003.93	6	3	10897.8	1517.7	22	6.43199	-2	98.35	94	11758.1	3oap	Protein-Ligand	2.05	Kd	6.26
3ob1	628.757	-694.634	6.5	5	1521.8	14922.6	25	7.57841	-1.84	-2.51	267.1	480	3ob1	Protein-Ligand	2.2	Kd	5.42
3oe0	2157.81	-2137.4	19.5	11	23856.5	1990.4	48	14.2692	-2.74	569.63	468.6	83789.7	3oe0	Protein-Ligand	2.9	Ki	8.6
3ohm	2625.33	-4634.71	13.5	13	15781.1	34905	54	16.5085	-3.55	116.51	362.7	17690.4	3ohm	Protein-Protein	2.7	Kd	6.7
3oiq	1353.18	-1199.79	7	4	10718.2	3293.1	24	6.96958	-0.89	81.84	214.5	10054.9	3oiq	Protein-Protein	2.4	Kd	5.42
3oky	1375.28	-3386.35	8.5	5	26894.5	24808.4	28	8.37734	-2.53	262.09	242.9	34767.2	3oky	Protein-Protein	2.19	Kd	5.89
3ol2	1391.45	-3903.12	11.5	6	28461.5	22089.1	42	12.2935	-0.99	238.28	238.9	34704.4	3ol2	Protein-Protein	2.99	Kd	5.26
3olm	1704.23	-1857.51	11.5	4	23238.8	4780.9	32	9.35185	-0.6	146.06	145.3	23004.8	3olm	Protein-Protein	2.5	Kd	4.04
3ona	1070.48	-1513.34	11.5	5	8307.5	4767.4	26	7.74747	-1.88	66.09	247.5	9116.5	3ona	Protein-Protein	2.6	Kd	6.17
3ouw	2282.29	-2585.42	13	10	22555.7	3447	44	13.155	-3.27	219.28	393.6	27641.7	3ouw	Protein-Protein	2.91	Kd	7.64
3oux	3453.51	-3809.92	30	18	22465.6	5531	107	32.1085	-7.76	221.39	705.3	28005.7	3oux	Protein-Protein	2.4	Kd	7.46
3p71	2522.49	-3855.18	17.5	18	14891.1	13455.7	59	18.0118	-3.15	118.15	552.9	17562.1	3p71	Protein-Protein	2.7	Kd	6.42
3p92	1264.38	-1799.32	10.5	10	9927.3	3995.5	40	12.0264	-2.5	91.36	516.6	12817	3p92	Protein-Protein	1.6	Ki	8.23
3p95	1303.87	-1844.96	10.5	10	9740.8	3948.9	42	12.8441	-1.73	91.36	455.6	12817	3p95	Protein-Protein	1.3	Ki	5.82
3pnr	2375.84	-2808.74	11	9	11852.4	7950	43	12.8004	0.75	88.05	449.7	13847.5	3pnr	Protein-Protein	2.6	Ki	7.92
3qc8	1515.74	-2022.61	9.5	9	9303.3	5238.9	40	11.8737	2.95	59.55	305.6	9312.6	3qc8	Protein-Protein	2.2	Kd	4.95
3qq8	2060.32	-2405.65	15	7	10121.1	5151.7	56	16.3116	-0.69	60.69	161.6	9724.9	3qq8	Protein-Protein	2	Kd	5.82
3qsk	1155.64	-1470.38	6	7	6820.6	6372.3	37	11.3971	1.36	27.94	383.9	6896	3qsk	Protein-Protein	1.75	Kd	7.04
3rgf	3312.05	-3942.33	21	14	18380.7	14242.2	67	19.9062	-1.22	122.63	475.7	17716.5	3rgf	Protein-Protein	2.2	Kd	8.15
3sgb	1355.89	-1573.16	8.5	5	7492.6	3525.9	30	9.0138	-0.09	67.03	256.8	10932.8	3sgb	Protein-Protein	1.8	Kd	10.75
3t04	1590.03	-1646.5	11.5	1	5702.6	6736.1	16	4.62834	-0.99	31.74	47.8	5704.6	3t04	Protein-Protein	2.1	Kd	7.28
3tac	2693.8	-4364.78	16.5	13	14651	16870.9	56	16.9937	-4.13	133.53	484.5	18124.5	3tac	Protein-Protein	2.2	Kd	6.26
3tgk	1358.08	-1446.67	15.5	10	9725.3	3742.5	37	11.3912	-1.37	91.34	553.2	12460.7	3tgk	Protein-Protein	1.7	Ki	4.920819
3tnf	2260.94	-4305.82	8	10	8850.7	24427	37	11.1526	0.18	54.52	383.7	9544.7	3tnf	Protein-Protein	2.5	Kd	11
3uyo	2116.83	-2051.39	8	8	7171.1	5685.7	37	11.264	-0.46	37.84	338.8	6611.4	3uyo	Protein-Protein	1.83	Kd	5.17
3zyi	1395.75	-3294.81	11.5	9	18438.3	15848	49	14.5076	-0.01	194.03	460.5	22350.1	3zyi	Protein-Protein	2.6	Kd	8.14
4er4	2002.2	-1642.62	14	5	13682.1	1371.7	47	14.0609	-1.92	145.85	316.6	19228.5	4er4	Protein-Ligand	2.1	Ki	6.8
